{"capacity": 700, "cluster_count": 3, "cluster_speeds": [[1, 0.333333, 0.666667, 0.5, 0.833333], [1.16667, 0.666667, 1.33333, 0.833333, 1], [1.5, 1, 1.66667, 1.16667, 1.33333]], "clusters": [[0, 1, 2, 1, 2, 0, 2, 0, 0, 0, 2, 0, 1, 0, 0, 0, 2, 2, 1, 2, 1, 2, 0, 1, 2, 0, 2, 0, 1, 2, 0, 2, 2, 1, 1, 0, 0, 2, 2, 1, 2, 1, 0, 0, 0, 2, 2, 0, 1, 2, 0, 0], [0, 0, 2, 2, 2, 1, 0, 2, 1, 2, 0, 1, 0, 0, 2, 0, 2, 1, 0, 0, 2, 1, 2, 1, 1, 2, 1, 2, 1, 2, 1, 0, 1, 1, 0, 1, 2, 2, 0, 1, 1, 0, 1, 2, 2, 0, 1, 2, 1, 1, 2, 1], [0, 2, 0, 1, 1, 1, 1, 0, 0, 1, 2, 0, 2, 2, 0, 2, 0, 1, 2, 1, 1, 1, 0, 2, 2, 2, 2, 1, 0, 2, 0, 1, 2, 2, 1, 2, 0, 2, 1, 0, 1, 2, 0, 1, 0, 1, 0, 2, 1, 1, 2, 0], [0, 2, 1, 0, 1, 1, 1, 2, 1, 1, 0, 0, 1, 2, 1, 2, 2, 0, 0, 2, 0, 2, 1, 1, 2, 0, 2, 2, 0, 1, 0, 1, 0, 0, 1, 0, 2, 2, 1, 2, 2, 2, 2, 2, 2, 0, 0, 2, 2, 0, 1, 0], [0, 2, 1, 1, 0, 1, 1, 0, 0, 2, 1, 1, 2, 2, 2, 0, 2, 1, 2, 0, 2, 0, 0, 1, 2, 2, 1, 0, 2, 2, 2, 2, 0, 2, 1, 0, 1, 2, 1, 2, 1, 0, 1, 2, 1, 0, 2, 0, 1, 1, 2, 0], [0, 1, 1, 1, 1, 0, 2, 2, 2, 1, 0, 1, 2, 1, 1, 2, 1, 1, 0, 2, 2, 2, 0, 2, 1, 1, 2, 1, 2, 0, 0, 0, 0, 0, 1, 2, 2, 2, 1, 2, 2, 2, 0, 0, 2, 0, 0, 0, 2, 1, 1, 2], [0, 0, 1, 1, 1, 2, 0, 1, 2, 1, 0, 1, 0, 0, 2, 1, 2, 1, 0, 1, 0, 0, 2, 2, 2, 2, 0, 1, 1, 0, 0, 0, 1, 0, 1, 0, 1, 1, 1, 2, 0, 2, 1, 0, 1, 1, 0, 0, 0, 1, 2, 0], [0, 2, 0, 2, 0, 2, 1, 0, 0, 1, 2, 0, 0, 2, 1, 2, 2, 0, 1, 0, 2, 1, 1, 2, 1, 2, 2, 0, 2, 2, 0, 0, 1, 1, 1, 2, 1, 1, 1, 0, 1, 1, 1, 0, 2, 0, 0, 1, 2, 0, 1, 0], [0, 1, 0, 1, 0, 2, 2, 0, 0, 0, 1, 0, 1, 0, 1, 1, 2, 1, 1, 2, 2, 1, 1, 1, 2, 1, 0, 2, 0, 2, 0, 1, 1, 1, 0, 0, 1, 2, 2, 0, 2, 2, 2, 1, 2, 2, 1, 0, 1, 0, 1, 2], [0, 2, 1, 1, 2, 1, 1, 1, 0, 0, 2, 0, 0, 1, 0, 2, 0, 0, 2, 1, 1, 2, 2, 1, 2, 0, 0, 1, 2, 0, 2, 1, 1, 0, 2, 1, 2, 2, 1, 2, 0, 0, 2, 1, 1, 2, 2, 2, 1, 0, 1, 1], [0, 0, 2, 0, 1, 0, 0, 2, 1, 2, 0, 1, 0, 0, 0, 2, 1, 2, 2, 2, 1, 0, 2, 2, 2, 1, 1, 1, 2, 1, 1, 1, 1, 1, 1, 2, 2, 0, 1, 2, 1, 1, 0, 0, 1, 2, 2, 1, 2, 0, 1, 0], [0, 1, 0, 0, 1, 1, 1, 0, 0, 0, 1, 0, 2, 0, 1, 0, 2, 1, 0, 2, 0, 2, 2, 0, 0, 1, 1, 0, 1, 1, 2, 0, 1, 1, 1, 2, 2, 1, 0, 1, 1, 1, 0, 2, 1, 1, 0, 1, 0, 1, 1, 2], [0, 0, 2, 1, 2, 2, 0, 0, 1, 0, 0, 2, 0, 2, 1, 2, 1, 1, 2, 2, 0, 1, 0, 0, 1, 1, 1, 0, 0, 1, 2, 0, 2, 1, 1, 2, 1, 0, 2, 0, 2, 2, 0, 1, 0, 0, 2, 2, 1, 0, 0, 2], [0, 0, 2, 2, 2, 1, 0, 2, 0, 1, 0, 0, 2, 0, 0, 0, 0, 0, 1, 2, 2, 0, 2, 2, 1, 2, 2, 1, 2, 1, 2, 1, 1, 1, 1, 1, 2, 2, 1, 2, 0, 1, 1, 1, 1, 0, 0, 2, 0, 1, 2, 2], [0, 2, 0, 1, 2, 1, 2, 1, 1, 0, 0, 1, 1, 0, 0, 1, 2, 2, 0, 0, 2, 2, 2, 1, 0, 1, 0, 2, 0, 2, 0, 2, 1, 2, 1, 2, 2, 2, 2, 1, 2, 0, 0, 2, 1, 1, 1, 0, 1, 0, 1, 0], [0, 0, 2, 2, 0, 2, 1, 2, 1, 2, 2, 0, 2, 0, 1, 0, 0, 0, 0, 1, 2, 0, 2, 2, 0, 2, 2, 0, 1, 0, 0, 0, 0, 2, 1, 2, 1, 0, 1, 0, 2, 0, 2, 1, 0, 0, 2, 2, 0, 0, 2, 1], [0, 2, 0, 2, 2, 1, 2, 2, 2, 0, 1, 2, 1, 0, 2, 0, 0, 1, 1, 1, 1, 2, 2, 1, 2, 1, 2, 1, 1, 0, 0, 2, 0, 2, 1, 0, 0, 1, 1, 1, 0, 2, 1, 0, 2, 1, 1, 1, 0, 0, 2, 2], [0, 1, 1, 0, 1, 1, 1, 0, 1, 0, 2, 1, 1, 0, 2, 0, 1, 0, 1, 2, 2, 0, 2, 2, 1, 0, 1, 2, 0, 2, 2, 2, 2, 2, 2, 0, 2, 2, 0, 2, 2, 0, 1, 0, 1, 2, 1, 2, 2, 1, 2, 2], [0, 0, 2, 0, 2, 0, 0, 1, 1, 2, 2, 0, 2, 1, 0, 0, 1, 1, 0, 0, 2, 0, 0, 0, 2, 0, 1, 1, 2, 0, 1, 0, 1, 1, 0, 2, 2, 1, 0, 0, 1, 1, 2, 2, 0, 2, 1, 2, 2, 0, 2, 1], [0, 0, 1, 2, 0, 2, 1, 0, 2, 1, 2, 2, 2, 2, 0, 1, 1, 2, 0, 0, 1, 0, 1, 1, 2, 2, 2, 2, 2, 2, 0, 1, 0, 2, 1, 2, 1, 1, 2, 0, 2, 2, 2, 1, 2, 0, 1, 0, 2, 0, 2, 1], [0, 2, 1, 0, 2, 2, 0, 2, 2, 1, 1, 0, 0, 2, 2, 2, 1, 2, 2, 1, 0, 2, 2, 0, 1, 0, 0, 1, 1, 1, 1, 2, 1, 0, 1, 1, 0, 1, 1, 0, 1, 2, 1, 1, 1, 0, 1, 0, 1, 1, 2, 2], [0, 1, 1, 2, 0, 2, 0, 1, 1, 2, 0, 2, 1, 0, 2, 0, 2, 0, 0, 0, 2, 0, 1, 0, 2, 2, 0, 2, 2, 1, 1, 2, 1, 2, 1, 0, 2, 0, 2, 1, 1, 2, 1, 0, 0, 0, 2, 2, 0, 2, 0, 1], [0, 2, 0, 1, 0, 0, 2, 1, 1, 2, 2, 2, 0, 2, 2, 2, 2, 2, 0, 1, 2, 1, 0, 1, 2, 0, 2, 0, 0, 0, 2, 0, 2, 2, 1, 1, 1, 2, 2, 1, 2, 1, 1, 1, 0, 1, 1, 0, 0, 1, 1, 0], [0, 1, 2, 1, 1, 2, 2, 2, 1, 1, 2, 0, 0, 2, 1, 2, 1, 2, 0, 1, 0, 0, 1, 0, 2, 2, 2, 2, 0, 1, 1, 2, 2, 0, 2, 1, 1, 0, 0, 1, 0, 0, 0, 2, 0, 0, 1, 0, 2, 0, 1, 1], [0, 1, 2, 2, 2, 1, 2, 1, 2, 2, 2, 0, 1, 1, 0, 0, 2, 1, 2, 2, 1, 2, 2, 2, 0, 1, 1, 2, 2, 1, 1, 0, 0, 2, 0, 1, 0, 0, 1, 2, 1, 2, 0, 1, 0, 1, 0, 1, 0, 1, 1, 1], [0, 2, 2, 0, 2, 1, 2, 2, 1, 0, 1, 1, 1, 2, 1, 2, 1, 0, 0, 2, 0, 2, 0, 2, 1, 0, 1, 2, 0, 2, 0, 2, 2, 0, 1, 1, 0, 1, 0, 1, 2, 1, 1, 2, 0, 1, 0, 0, 1, 2, 2, 1], [0, 1, 2, 2, 1, 2, 0, 2, 0, 0, 1, 1, 1, 2, 0, 2, 2, 1, 1, 2, 0, 0, 2, 2, 1, 1, 0, 2, 0, 2, 2, 1, 1, 2, 0, 2, 2, 1, 1, 0, 0, 2, 1, 1, 0, 1, 0, 2, 0, 1, 1, 2], [0, 2, 1, 2, 0, 1, 1, 0, 2, 1, 1, 0, 0, 1, 2, 0, 1, 2, 1, 2, 1, 2, 0, 2, 2, 2, 2, 0, 1, 1, 0, 2, 0, 1, 1, 2, 1, 0, 0, 0, 1, 2, 1, 1, 1, 0, 2, 1, 0, 2, 1, 2], [0, 1, 0, 0, 2, 2, 1, 2, 0, 2, 2, 1, 0, 2, 0, 1, 1, 0, 2, 2, 1, 2, 0, 0, 2, 0, 0, 1, 0, 0, 1, 1, 0, 0, 2, 2, 2, 2, 1, 0, 2, 2, 2, 2, 2, 0, 0, 1, 0, 0, 2, 1], [0, 2, 2, 1, 2, 0, 0, 2, 2, 0, 1, 1, 1, 1, 2, 0, 0, 2, 0, 2, 1, 1, 0, 1, 1, 2, 2, 1, 0, 0, 2, 0, 2, 2, 1, 2, 1, 0, 2, 0, 0, 1, 2, 0, 0, 1, 1, 0, 2, 0, 1, 2], [0, 1, 0, 0, 2, 0, 0, 0, 0, 2, 1, 2, 2, 2, 0, 0, 0, 2, 1, 0, 1, 1, 2, 1, 1, 0, 2, 0, 1, 2, 0, 1, 0, 0, 1, 0, 2, 2, 2, 1, 0, 1, 2, 2, 0, 1, 0, 0, 2, 2, 0, 1], [0, 0, 1, 1, 2, 0, 0, 0, 1, 1, 1, 0, 0, 1, 2, 0, 2, 2, 0, 1, 2, 2, 0, 2, 0, 2, 1, 2, 1, 0, 1, 0, 0, 1, 0, 1, 2, 1, 1, 2, 0, 1, 1, 0, 2, 0, 1, 1, 1, 1, 1, 1], [0, 1, 2, 0, 0, 0, 1, 1, 1, 1, 1, 1, 2, 1, 1, 0, 0, 2, 1, 0, 1, 1, 2, 2, 0, 2, 1, 0, 0, 2, 0, 0, 0, 1, 2, 2, 2, 1, 0, 2, 2, 0, 2, 2, 1, 0, 0, 1, 2, 0, 0, 2], [0, 1, 2, 0, 2, 0, 0, 1, 1, 0, 1, 1, 1, 1, 2, 2, 2, 2, 1, 2, 0, 2, 2, 0, 2, 0, 2, 1, 0, 2, 0, 1, 1, 0, 1, 1, 2, 0, 2, 0, 2, 1, 2, 1, 1, 0, 2, 2, 1, 1, 1, 0], [0, 0, 1, 1, 1, 1, 1, 1, 0, 2, 1, 1, 1, 1, 1, 1, 1, 2, 0, 1, 1, 1, 1, 2, 0, 1, 0, 1, 2, 1, 1, 0, 2, 1, 0, 2, 0, 0, 1, 2, 1, 1, 1, 1, 2, 1, 2, 1, 1, 0, 0, 0], [0, 1, 2, 0, 0, 2, 0, 2, 0, 1, 2, 2, 2, 1, 2, 2, 0, 0, 2, 2, 1, 0, 1, 1, 1, 1, 2, 2, 2, 2, 0, 1, 2, 1, 2, 0, 0, 1, 0, 0, 2, 2, 0, 0, 0, 1, 0, 2, 0, 2, 2, 1], [0, 2, 0, 2, 1, 2, 1, 1, 1, 2, 2, 2, 1, 2, 2, 1, 0, 2, 2, 1, 0, 2, 1, 1, 0, 0, 2, 1, 2, 1, 2, 2, 2, 2, 0, 0, 0, 1, 0, 1, 0, 1, 0, 1, 1, 0, 0, 0, 0, 0, 1, 0], [0, 2, 2, 2, 2, 2, 1, 1, 2, 2, 0, 1, 0, 2, 2, 0, 1, 2, 1, 1, 1, 0, 2, 0, 0, 1, 1, 0, 2, 0, 2, 1, 1, 0, 0, 1, 1, 0, 1, 0, 2, 1, 2, 0, 1, 0, 1, 2, 0, 0, 1, 2], [0, 0, 1, 1, 1, 1, 1, 1, 2, 1, 1, 0, 2, 1, 2, 1, 1, 0, 0, 2, 1, 2, 2, 0, 1, 0, 1, 0, 1, 2, 2, 1, 0, 2, 1, 0, 0, 1, 0, 1, 0, 1, 2, 2, 0, 1, 1, 1, 1, 2, 1, 2], [0, 1, 0, 2, 2, 2, 2, 0, 0, 2, 2, 1, 0, 2, 1, 0, 1, 2, 0, 0, 0, 1, 1, 1, 2, 1, 0, 0, 0, 0, 1, 2, 2, 0, 2, 0, 1, 0, 1, 0, 2, 0, 0, 1, 1, 1, 0, 1, 0, 2, 0, 1], [0, 1, 1, 2, 1, 2, 0, 1, 2, 0, 1, 1, 2, 0, 2, 2, 0, 2, 1, 2, 1, 1, 2, 0, 1, 2, 0, 1, 2, 0, 0, 0, 2, 2, 1, 2, 0, 2, 0, 2, 0, 2, 0, 0, 1, 0, 0, 0, 1, 1, 0, 2], [0, 0, 2, 2, 0, 2, 2, 1, 2, 0, 1, 1, 2, 1, 0, 0, 2, 0, 1, 2, 2, 2, 1, 0, 2, 1, 2, 2, 2, 1, 1, 1, 0, 1, 1, 2, 1, 1, 1, 0, 2, 0, 1, 1, 1, 2, 2, 0, 0, 2, 2, 0], [0, 1, 0, 2, 1, 0, 1, 1, 2, 2, 0, 0, 0, 1, 0, 2, 1, 1, 2, 2, 1, 1, 1, 0, 0, 1, 1, 1, 2, 2, 2, 1, 2, 2, 1, 0, 0, 2, 2, 0, 0, 1, 0, 1, 2, 1, 0, 2, 1, 2, 1, 2], [0, 2, 1, 2, 2, 0, 0, 0, 1, 1, 0, 2, 1, 1, 2, 1, 0, 0, 2, 1, 1, 0, 1, 2, 1, 2, 1, 1, 2, 0, 2, 0, 2, 1, 1, 0, 1, 0, 2, 1, 0, 1, 1, 0, 2, 1, 1, 1, 1, 2, 0, 0], [0, 2, 0, 2, 1, 2, 1, 2, 2, 1, 1, 1, 0, 1, 1, 0, 2, 1, 0, 2, 1, 0, 0, 0, 0, 0, 0, 1, 2, 0, 0, 2, 1, 1, 2, 0, 1, 1, 0, 1, 1, 1, 2, 2, 0, 2, 0, 0, 0, 1, 1, 0], [0, 0, 1, 0, 0, 0, 1, 0, 2, 2, 2, 1, 0, 0, 1, 0, 1, 2, 2, 0, 0, 0, 1, 0, 1, 1, 1, 0, 0, 1, 1, 0, 0, 0, 1, 1, 0, 0, 1, 1, 0, 2, 1, 1, 2, 0, 2, 1, 1, 0, 1, 1], [0, 1, 0, 0, 2, 0, 0, 0, 1, 2, 2, 0, 2, 0, 1, 2, 1, 1, 1, 1, 1, 2, 1, 1, 0, 0, 0, 2, 0, 1, 0, 1, 0, 2, 2, 0, 0, 1, 1, 0, 0, 2, 0, 1, 0, 2, 0, 1, 2, 2, 1, 1], [0, 2, 2, 2, 0, 0, 0, 1, 0, 2, 1, 1, 2, 2, 0, 2, 1, 2, 2, 0, 0, 2, 0, 0, 1, 0, 2, 1, 1, 0, 0, 1, 1, 2, 1, 2, 0, 2, 1, 1, 0, 0, 2, 1, 0, 1, 1, 0, 0, 1, 2, 2], [0, 1, 1, 2, 1, 2, 0, 2, 1, 1, 2, 0, 1, 0, 1, 0, 0, 2, 2, 2, 1, 0, 0, 2, 0, 1, 0, 0, 0, 2, 2, 1, 2, 1, 1, 0, 0, 0, 1, 0, 1, 0, 1, 1, 0, 1, 2, 0, 0, 2, 1, 2], [0, 1, 1, 0, 1, 1, 1, 0, 0, 0, 0, 1, 0, 1, 0, 0, 0, 1, 0, 0, 1, 2, 1, 0, 1, 2, 1, 2, 0, 0, 2, 1, 0, 1, 0, 2, 0, 0, 2, 2, 1, 2, 2, 2, 1, 0, 2, 1, 2, 0, 0, 2], [0, 2, 2, 1, 2, 1, 2, 1, 1, 1, 1, 1, 0, 2, 1, 2, 2, 2, 2, 2, 2, 0, 1, 1, 1, 2, 1, 1, 2, 1, 0, 1, 0, 1, 0, 2, 1, 1, 1, 0, 0, 2, 1, 0, 1, 1, 1, 2, 1, 0, 0, 0], [0, 0, 0, 0, 0, 0, 0, 0, 0, 0, 0, 0, 0, 0, 0, 0, 0, 0, 0, 0, 0, 0, 0, 0, 0, 0, 0, 0, 0, 0, 0, 0, 0, 0, 0, 0, 0, 0, 0, 0, 0, 0, 0, 0, 0, 0, 0, 0, 0, 0, 0, 0]], "dataset_name": "dabia_et_al_2013", "demands": [0, 10, 30, 10, 10, 10, 20, 20, 20, 10, 10, 10, 20, 30, 10, 40, 40, 20, 20, 10, 10, 20, 20, 10, 10, 40, 10, 10, 20, 10, 10, 20, 30, 40, 20, 10, 10, 20, 30, 20, 10, 10, 20, 10, 10, 10, 30, 10, 10, 10, 10, 0], "digraph": {"arc_count": 2550, "arcs": [[0, 1, 1, 1, 1, 1, 1, 1, 1, 1, 1, 1, 1, 1, 1, 1, 1, 1, 1, 1, 1, 1, 1, 1, 1, 1, 1, 1, 1, 1, 1, 1, 1, 1, 1, 1, 1, 1, 1, 1, 1, 1, 1, 1, 1, 1, 1, 1, 1, 1, 1, 0], [0, 0, 1, 1, 1, 1, 1, 1, 1, 1, 1, 1, 1, 1, 1, 1, 1, 1, 1, 1, 1, 1, 1, 1, 1, 1, 1, 1, 1, 1, 1, 1, 1, 1, 1, 1, 1, 1, 1, 1, 1, 1, 1, 1, 1, 1, 1, 1, 1, 1, 1, 1], [0, 1, 0, 1, 1, 1, 1, 1, 1, 1, 1, 1, 1, 1, 1, 1, 1, 1, 1, 1, 1, 1, 1, 1, 1, 1, 1, 1, 1, 1, 1, 1, 1, 1, 1, 1, 1, 1, 1, 1, 1, 1, 1, 1, 1, 1, 1, 1, 1, 1, 1, 1], [0, 1, 1, 0, 1, 1, 1, 1, 1, 1, 1, 1, 1, 1, 1, 1, 1, 1, 1, 1, 1, 1, 1, 1, 1, 1, 1, 1, 1, 1, 1, 1, 1, 1, 1, 1, 1, 1, 1, 1, 1, 1, 1, 1, 1, 1, 1, 1, 1, 1, 1, 1], [0, 1, 1, 1, 0, 1, 1, 1, 1, 1, 1, 1, 1, 1, 1, 1, 1, 1, 1, 1, 1, 1, 1, 1, 1, 1, 1, 1, 1, 1, 1, 1, 1, 1, 1, 1, 1, 1, 1, 1, 1, 1, 1, 1, 1, 1, 1, 1, 1, 1, 1, 1], [0, 1, 1, 1, 1, 0, 1, 1, 1, 1, 1, 1, 1, 1, 1, 1, 1, 1, 1, 1, 1, 1, 1, 1, 1, 1, 1, 1, 1, 1, 1, 1, 1, 1, 1, 1, 1, 1, 1, 1, 1, 1, 1, 1, 1, 1, 1, 1, 1, 1, 1, 1], [0, 1, 1, 1, 1, 1, 0, 1, 1, 1, 1, 1, 1, 1, 1, 1, 1, 1, 1, 1, 1, 1, 1, 1, 1, 1, 1, 1, 1, 1, 1, 1, 1, 1, 1, 1, 1, 1, 1, 1, 1, 1, 1, 1, 1, 1, 1, 1, 1, 1, 1, 1], [0, 1, 1, 1, 1, 1, 1, 0, 1, 1, 1, 1, 1, 1, 1, 1, 1, 1, 1, 1, 1, 1, 1, 1, 1, 1, 1, 1, 1, 1, 1, 1, 1, 1, 1, 1, 1, 1, 1, 1, 1, 1, 1, 1, 1, 1, 1, 1, 1, 1, 1, 1], [0, 1, 1, 1, 1, 1, 1, 1, 0, 1, 1, 1, 1, 1, 1, 1, 1, 1, 1, 1, 1, 1, 1, 1, 1, 1, 1, 1, 1, 1, 1, 1, 1, 1, 1, 1, 1, 1, 1, 1, 1, 1, 1, 1, 1, 1, 1, 1, 1, 1, 1, 1], [0, 1, 1, 1, 1, 1, 1, 1, 1, 0, 1, 1, 1, 1, 1, 1, 1, 1, 1, 1, 1, 1, 1, 1, 1, 1, 1, 1, 1, 1, 1, 1, 1, 1, 1, 1, 1, 1, 1, 1, 1, 1, 1, 1, 1, 1, 1, 1, 1, 1, 1, 1], [0, 1, 1, 1, 1, 1, 1, 1, 1, 1, 0, 1, 1, 1, 1, 1, 1, 1, 1, 1, 1, 1, 1, 1, 1, 1, 1, 1, 1, 1, 1, 1, 1, 1, 1, 1, 1, 1, 1, 1, 1, 1, 1, 1, 1, 1, 1, 1, 1, 1, 1, 1], [0, 1, 1, 1, 1, 1, 1, 1, 1, 1, 1, 0, 1, 1, 1, 1, 1, 1, 1, 1, 1, 1, 1, 1, 1, 1, 1, 1, 1, 1, 1, 1, 1, 1, 1, 1, 1, 1, 1, 1, 1, 1, 1, 1, 1, 1, 1, 1, 1, 1, 1, 1], [0, 1, 1, 1, 1, 1, 1, 1, 1, 1, 1, 1, 0, 1, 1, 1, 1, 1, 1, 1, 1, 1, 1, 1, 1, 1, 1, 1, 1, 1, 1, 1, 1, 1, 1, 1, 1, 1, 1, 1, 1, 1, 1, 1, 1, 1, 1, 1, 1, 1, 1, 1], [0, 1, 1, 1, 1, 1, 1, 1, 1, 1, 1, 1, 1, 0, 1, 1, 1, 1, 1, 1, 1, 1, 1, 1, 1, 1, 1, 1, 1, 1, 1, 1, 1, 1, 1, 1, 1, 1, 1, 1, 1, 1, 1, 1, 1, 1, 1, 1, 1, 1, 1, 1], [0, 1, 1, 1, 1, 1, 1, 1, 1, 1, 1, 1, 1, 1, 0, 1, 1, 1, 1, 1, 1, 1, 1, 1, 1, 1, 1, 1, 1, 1, 1, 1, 1, 1, 1, 1, 1, 1, 1, 1, 1, 1, 1, 1, 1, 1, 1, 1, 1, 1, 1, 1], [0, 1, 1, 1, 1, 1, 1, 1, 1, 1, 1, 1, 1, 1, 1, 0, 1, 1, 1, 1, 1, 1, 1, 1, 1, 1, 1, 1, 1, 1, 1, 1, 1, 1, 1, 1, 1, 1, 1, 1, 1, 1, 1, 1, 1, 1, 1, 1, 1, 1, 1, 1], [0, 1, 1, 1, 1, 1, 1, 1, 1, 1, 1, 1, 1, 1, 1, 1, 0, 1, 1, 1, 1, 1, 1, 1, 1, 1, 1, 1, 1, 1, 1, 1, 1, 1, 1, 1, 1, 1, 1, 1, 1, 1, 1, 1, 1, 1, 1, 1, 1, 1, 1, 1], [0, 1, 1, 1, 1, 1, 1, 1, 1, 1, 1, 1, 1, 1, 1, 1, 1, 0, 1, 1, 1, 1, 1, 1, 1, 1, 1, 1, 1, 1, 1, 1, 1, 1, 1, 1, 1, 1, 1, 1, 1, 1, 1, 1, 1, 1, 1, 1, 1, 1, 1, 1], [0, 1, 1, 1, 1, 1, 1, 1, 1, 1, 1, 1, 1, 1, 1, 1, 1, 1, 0, 1, 1, 1, 1, 1, 1, 1, 1, 1, 1, 1, 1, 1, 1, 1, 1, 1, 1, 1, 1, 1, 1, 1, 1, 1, 1, 1, 1, 1, 1, 1, 1, 1], [0, 1, 1, 1, 1, 1, 1, 1, 1, 1, 1, 1, 1, 1, 1, 1, 1, 1, 1, 0, 1, 1, 1, 1, 1, 1, 1, 1, 1, 1, 1, 1, 1, 1, 1, 1, 1, 1, 1, 1, 1, 1, 1, 1, 1, 1, 1, 1, 1, 1, 1, 1], [0, 1, 1, 1, 1, 1, 1, 1, 1, 1, 1, 1, 1, 1, 1, 1, 1, 1, 1, 1, 0, 1, 1, 1, 1, 1, 1, 1, 1, 1, 1, 1, 1, 1, 1, 1, 1, 1, 1, 1, 1, 1, 1, 1, 1, 1, 1, 1, 1, 1, 1, 1], [0, 1, 1, 1, 1, 1, 1, 1, 1, 1, 1, 1, 1, 1, 1, 1, 1, 1, 1, 1, 1, 0, 1, 1, 1, 1, 1, 1, 1, 1, 1, 1, 1, 1, 1, 1, 1, 1, 1, 1, 1, 1, 1, 1, 1, 1, 1, 1, 1, 1, 1, 1], [0, 1, 1, 1, 1, 1, 1, 1, 1, 1, 1, 1, 1, 1, 1, 1, 1, 1, 1, 1, 1, 1, 0, 1, 1, 1, 1, 1, 1, 1, 1, 1, 1, 1, 1, 1, 1, 1, 1, 1, 1, 1, 1, 1, 1, 1, 1, 1, 1, 1, 1, 1], [0, 1, 1, 1, 1, 1, 1, 1, 1, 1, 1, 1, 1, 1, 1, 1, 1, 1, 1, 1, 1, 1, 1, 0, 1, 1, 1, 1, 1, 1, 1, 1, 1, 1, 1, 1, 1, 1, 1, 1, 1, 1, 1, 1, 1, 1, 1, 1, 1, 1, 1, 1], [0, 1, 1, 1, 1, 1, 1, 1, 1, 1, 1, 1, 1, 1, 1, 1, 1, 1, 1, 1, 1, 1, 1, 1, 0, 1, 1, 1, 1, 1, 1, 1, 1, 1, 1, 1, 1, 1, 1, 1, 1, 1, 1, 1, 1, 1, 1, 1, 1, 1, 1, 1], [0, 1, 1, 1, 1, 1, 1, 1, 1, 1, 1, 1, 1, 1, 1, 1, 1, 1, 1, 1, 1, 1, 1, 1, 1, 0, 1, 1, 1, 1, 1, 1, 1, 1, 1, 1, 1, 1, 1, 1, 1, 1, 1, 1, 1, 1, 1, 1, 1, 1, 1, 1], [0, 1, 1, 1, 1, 1, 1, 1, 1, 1, 1, 1, 1, 1, 1, 1, 1, 1, 1, 1, 1, 1, 1, 1, 1, 1, 0, 1, 1, 1, 1, 1, 1, 1, 1, 1, 1, 1, 1, 1, 1, 1, 1, 1, 1, 1, 1, 1, 1, 1, 1, 1], [0, 1, 1, 1, 1, 1, 1, 1, 1, 1, 1, 1, 1, 1, 1, 1, 1, 1, 1, 1, 1, 1, 1, 1, 1, 1, 1, 0, 1, 1, 1, 1, 1, 1, 1, 1, 1, 1, 1, 1, 1, 1, 1, 1, 1, 1, 1, 1, 1, 1, 1, 1], [0, 1, 1, 1, 1, 1, 1, 1, 1, 1, 1, 1, 1, 1, 1, 1, 1, 1, 1, 1, 1, 1, 1, 1, 1, 1, 1, 1, 0, 1, 1, 1, 1, 1, 1, 1, 1, 1, 1, 1, 1, 1, 1, 1, 1, 1, 1, 1, 1, 1, 1, 1], [0, 1, 1, 1, 1, 1, 1, 1, 1, 1, 1, 1, 1, 1, 1, 1, 1, 1, 1, 1, 1, 1, 1, 1, 1, 1, 1, 1, 1, 0, 1, 1, 1, 1, 1, 1, 1, 1, 1, 1, 1, 1, 1, 1, 1, 1, 1, 1, 1, 1, 1, 1], [0, 1, 1, 1, 1, 1, 1, 1, 1, 1, 1, 1, 1, 1, 1, 1, 1, 1, 1, 1, 1, 1, 1, 1, 1, 1, 1, 1, 1, 1, 0, 1, 1, 1, 1, 1, 1, 1, 1, 1, 1, 1, 1, 1, 1, 1, 1, 1, 1, 1, 1, 1], [0, 1, 1, 1, 1, 1, 1, 1, 1, 1, 1, 1, 1, 1, 1, 1, 1, 1, 1, 1, 1, 1, 1, 1, 1, 1, 1, 1, 1, 1, 1, 0, 1, 1, 1, 1, 1, 1, 1, 1, 1, 1, 1, 1, 1, 1, 1, 1, 1, 1, 1, 1], [0, 1, 1, 1, 1, 1, 1, 1, 1, 1, 1, 1, 1, 1, 1, 1, 1, 1, 1, 1, 1, 1, 1, 1, 1, 1, 1, 1, 1, 1, 1, 1, 0, 1, 1, 1, 1, 1, 1, 1, 1, 1, 1, 1, 1, 1, 1, 1, 1, 1, 1, 1], [0, 1, 1, 1, 1, 1, 1, 1, 1, 1, 1, 1, 1, 1, 1, 1, 1, 1, 1, 1, 1, 1, 1, 1, 1, 1, 1, 1, 1, 1, 1, 1, 1, 0, 1, 1, 1, 1, 1, 1, 1, 1, 1, 1, 1, 1, 1, 1, 1, 1, 1, 1], [0, 1, 1, 1, 1, 1, 1, 1, 1, 1, 1, 1, 1, 1, 1, 1, 1, 1, 1, 1, 1, 1, 1, 1, 1, 1, 1, 1, 1, 1, 1, 1, 1, 1, 0, 1, 1, 1, 1, 1, 1, 1, 1, 1, 1, 1, 1, 1, 1, 1, 1, 1], [0, 1, 1, 1, 1, 1, 1, 1, 1, 1, 1, 1, 1, 1, 1, 1, 1, 1, 1, 1, 1, 1, 1, 1, 1, 1, 1, 1, 1, 1, 1, 1, 1, 1, 1, 0, 1, 1, 1, 1, 1, 1, 1, 1, 1, 1, 1, 1, 1, 1, 1, 1], [0, 1, 1, 1, 1, 1, 1, 1, 1, 1, 1, 1, 1, 1, 1, 1, 1, 1, 1, 1, 1, 1, 1, 1, 1, 1, 1, 1, 1, 1, 1, 1, 1, 1, 1, 1, 0, 1, 1, 1, 1, 1, 1, 1, 1, 1, 1, 1, 1, 1, 1, 1], [0, 1, 1, 1, 1, 1, 1, 1, 1, 1, 1, 1, 1, 1, 1, 1, 1, 1, 1, 1, 1, 1, 1, 1, 1, 1, 1, 1, 1, 1, 1, 1, 1, 1, 1, 1, 1, 0, 1, 1, 1, 1, 1, 1, 1, 1, 1, 1, 1, 1, 1, 1], [0, 1, 1, 1, 1, 1, 1, 1, 1, 1, 1, 1, 1, 1, 1, 1, 1, 1, 1, 1, 1, 1, 1, 1, 1, 1, 1, 1, 1, 1, 1, 1, 1, 1, 1, 1, 1, 1, 0, 1, 1, 1, 1, 1, 1, 1, 1, 1, 1, 1, 1, 1], [0, 1, 1, 1, 1, 1, 1, 1, 1, 1, 1, 1, 1, 1, 1, 1, 1, 1, 1, 1, 1, 1, 1, 1, 1, 1, 1, 1, 1, 1, 1, 1, 1, 1, 1, 1, 1, 1, 1, 0, 1, 1, 1, 1, 1, 1, 1, 1, 1, 1, 1, 1], [0, 1, 1, 1, 1, 1, 1, 1, 1, 1, 1, 1, 1, 1, 1, 1, 1, 1, 1, 1, 1, 1, 1, 1, 1, 1, 1, 1, 1, 1, 1, 1, 1, 1, 1, 1, 1, 1, 1, 1, 0, 1, 1, 1, 1, 1, 1, 1, 1, 1, 1, 1], [0, 1, 1, 1, 1, 1, 1, 1, 1, 1, 1, 1, 1, 1, 1, 1, 1, 1, 1, 1, 1, 1, 1, 1, 1, 1, 1, 1, 1, 1, 1, 1, 1, 1, 1, 1, 1, 1, 1, 1, 1, 0, 1, 1, 1, 1, 1, 1, 1, 1, 1, 1], [0, 1, 1, 1, 1, 1, 1, 1, 1, 1, 1, 1, 1, 1, 1, 1, 1, 1, 1, 1, 1, 1, 1, 1, 1, 1, 1, 1, 1, 1, 1, 1, 1, 1, 1, 1, 1, 1, 1, 1, 1, 1, 0, 1, 1, 1, 1, 1, 1, 1, 1, 1], [0, 1, 1, 1, 1, 1, 1, 1, 1, 1, 1, 1, 1, 1, 1, 1, 1, 1, 1, 1, 1, 1, 1, 1, 1, 1, 1, 1, 1, 1, 1, 1, 1, 1, 1, 1, 1, 1, 1, 1, 1, 1, 1, 0, 1, 1, 1, 1, 1, 1, 1, 1], [0, 1, 1, 1, 1, 1, 1, 1, 1, 1, 1, 1, 1, 1, 1, 1, 1, 1, 1, 1, 1, 1, 1, 1, 1, 1, 1, 1, 1, 1, 1, 1, 1, 1, 1, 1, 1, 1, 1, 1, 1, 1, 1, 1, 0, 1, 1, 1, 1, 1, 1, 1], [0, 1, 1, 1, 1, 1, 1, 1, 1, 1, 1, 1, 1, 1, 1, 1, 1, 1, 1, 1, 1, 1, 1, 1, 1, 1, 1, 1, 1, 1, 1, 1, 1, 1, 1, 1, 1, 1, 1, 1, 1, 1, 1, 1, 1, 0, 1, 1, 1, 1, 1, 1], [0, 1, 1, 1, 1, 1, 1, 1, 1, 1, 1, 1, 1, 1, 1, 1, 1, 1, 1, 1, 1, 1, 1, 1, 1, 1, 1, 1, 1, 1, 1, 1, 1, 1, 1, 1, 1, 1, 1, 1, 1, 1, 1, 1, 1, 1, 0, 1, 1, 1, 1, 1], [0, 1, 1, 1, 1, 1, 1, 1, 1, 1, 1, 1, 1, 1, 1, 1, 1, 1, 1, 1, 1, 1, 1, 1, 1, 1, 1, 1, 1, 1, 1, 1, 1, 1, 1, 1, 1, 1, 1, 1, 1, 1, 1, 1, 1, 1, 1, 0, 1, 1, 1, 1], [0, 1, 1, 1, 1, 1, 1, 1, 1, 1, 1, 1, 1, 1, 1, 1, 1, 1, 1, 1, 1, 1, 1, 1, 1, 1, 1, 1, 1, 1, 1, 1, 1, 1, 1, 1, 1, 1, 1, 1, 1, 1, 1, 1, 1, 1, 1, 1, 0, 1, 1, 1], [0, 1, 1, 1, 1, 1, 1, 1, 1, 1, 1, 1, 1, 1, 1, 1, 1, 1, 1, 1, 1, 1, 1, 1, 1, 1, 1, 1, 1, 1, 1, 1, 1, 1, 1, 1, 1, 1, 1, 1, 1, 1, 1, 1, 1, 1, 1, 1, 1, 0, 1, 1], [0, 1, 1, 1, 1, 1, 1, 1, 1, 1, 1, 1, 1, 1, 1, 1, 1, 1, 1, 1, 1, 1, 1, 1, 1, 1, 1, 1, 1, 1, 1, 1, 1, 1, 1, 1, 1, 1, 1, 1, 1, 1, 1, 1, 1, 1, 1, 1, 1, 1, 0, 1], [0, 0, 0, 0, 0, 0, 0, 0, 0, 0, 0, 0, 0, 0, 0, 0, 0, 0, 0, 0, 0, 0, 0, 0, 0, 0, 0, 0, 0, 0, 0, 0, 0, 0, 0, 0, 0, 0, 0, 0, 0, 0, 0, 0, 0, 0, 0, 0, 0, 0, 0, 0]], "coordinates": [[40.0, 50.0], [52.0, 75.0], [45.0, 70.0], [62.0, 69.0], [60.0, 66.0], [42.0, 65.0], [16.0, 42.0], [58.0, 70.0], [34.0, 60.0], [28.0, 70.0], [35.0, 66.0], [35.0, 69.0], [25.0, 85.0], [22.0, 75.0], [22.0, 85.0], [20.0, 80.0], [20.0, 85.0], [18.0, 75.0], [15.0, 75.0], [15.0, 80.0], [30.0, 50.0], [30.0, 56.0], [28.0, 52.0], [14.0, 66.0], [25.0, 50.0], [22.0, 66.0], [8.0, 62.0], [23.0, 52.0], [4.0, 55.0], [20.0, 50.0], [20.0, 55.0], [10.0, 35.0], [10.0, 40.0], [8.0, 40.0], [8.0, 45.0], [5.0, 35.0], [5.0, 45.0], [2.0, 40.0], [0.0, 40.0], [0.0, 45.0], [36.0, 18.0], [35.0, 32.0], [33.0, 32.0], [33.0, 35.0], [32.0, 20.0], [30.0, 30.0], [34.0, 25.0], [30.0, 35.0], [36.0, 40.0], [48.0, 20.0], [26.0, 32.0], [40.0, 50.0]], "vertex_count": 52}, "distances": [[0.0, 277.0, 206.0, 290.0, 256.0, 151.0, 252.0, 269.0, 116.0, 233.0, 167.0, 196.0, 380.0, 308.0, 393.0, 360.0, 403.0, 333.0, 353.0, 390.0, 100.0, 116.0, 121.0, 305.0, 150.0, 240.0, 341.0, 171.0, 363.0, 200.0, 206.0, 335.0, 316.0, 335.0, 323.0, 380.0, 353.0, 392.0, 412.0, 403.0, 322.0, 186.0, 193.0, 165.0, 310.0, 223.0, 257.0, 180.0, 107.0, 310.0, 228.0, 0.0], [277.0, 0.0, 86.0, 116.0, 120.0, 141.0, 488.0, 78.0, 234.0, 245.0, 192.0, 180.0, 287.0, 300.0, 316.0, 323.0, 335.0, 340.0, 370.0, 373.0, 333.0, 290.0, 332.0, 390.0, 367.0, 313.0, 458.0, 370.0, 520.0, 406.0, 377.0, 580.0, 546.0, 562.0, 532.0, 617.0, 557.0, 610.0, 626.0, 600.0, 592.0, 462.0, 470.0, 442.0, 585.0, 500.0, 531.0, 456.0, 384.0, 551.0, 502.0, 277.0], [206.0, 86.0, 0.0, 170.0, 155.0, 58.0, 403.0, 130.0, 148.0, 170.0, 107.0, 100.0, 250.0, 235.0, 274.0, 269.0, 291.0, 274.0, 304.0, 316.0, 250.0, 205.0, 247.0, 312.0, 282.0, 233.0, 378.0, 284.0, 436.0, 320.0, 291.0, 494.0, 460.0, 476.0, 446.0, 531.0, 471.0, 524.0, 540.0, 514.0, 527.0, 392.0, 398.0, 370.0, 516.0, 427.0, 463.0, 380.0, 313.0, 500.0, 424.0, 206.0], [290.0, 116.0, 170.0, 0.0, 36.0, 203.0, 533.0, 41.0, 294.0, 340.0, 271.0, 270.0, 403.0, 404.0, 430.0, 434.0, 449.0, 444.0, 473.0, 482.0, 372.0, 345.0, 380.0, 480.0, 415.0, 401.0, 544.0, 425.0, 596.0, 460.0, 442.0, 621.0, 595.0, 612.0, 590.0, 663.0, 618.0, 666.0, 684.0, 664.0, 572.0, 458.0, 470.0, 446.0, 574.0, 504.0, 521.0, 466.0, 389.0, 509.0, 516.0, 290.0], [256.0, 120.0, 155.0, 36.0, 0.0, 180.0, 501.0, 44.0, 266.0, 322.0, 250.0, 251.0, 398.0, 390.0, 424.0, 423.0, 442.0, 429.0, 458.0, 471.0, 340.0, 316.0, 349.0, 460.0, 384.0, 380.0, 521.0, 395.0, 570.0, 430.0, 414.0, 588.0, 563.0, 581.0, 560.0, 631.0, 588.0, 635.0, 653.0, 635.0, 536.0, 422.0, 434.0, 411.0, 538.0, 468.0, 485.0, 431.0, 353.0, 475.0, 480.0, 256.0], [151.0, 141.0, 58.0, 203.0, 180.0, 0.0, 347.0, 167.0, 94.0, 148.0, 70.0, 80.0, 262.0, 223.0, 282.0, 266.0, 297.0, 260.0, 287.0, 308.0, 192.0, 150.0, 191.0, 280.0, 226.0, 200.0, 341.0, 230.0, 392.0, 266.0, 241.0, 438.0, 406.0, 422.0, 394.0, 476.0, 420.0, 471.0, 488.0, 465.0, 473.0, 337.0, 342.0, 313.0, 460.0, 370.0, 407.0, 323.0, 257.0, 453.0, 366.0, 151.0], [252.0, 488.0, 403.0, 533.0, 501.0, 347.0, 0.0, 504.0, 254.0, 304.0, 306.0, 330.0, 439.0, 335.0, 434.0, 382.0, 431.0, 330.0, 330.0, 380.0, 161.0, 197.0, 156.0, 240.0, 120.0, 247.0, 215.0, 122.0, 176.0, 89.0, 136.0, 92.0, 63.0, 82.0, 85.0, 130.0, 114.0, 141.0, 161.0, 162.0, 312.0, 214.0, 197.0, 183.0, 272.0, 184.0, 247.0, 156.0, 200.0, 388.0, 141.0, 252.0], [269.0, 78.0, 130.0, 41.0, 44.0, 167.0, 504.0, 0.0, 260.0, 300.0, 233.0, 230.0, 362.0, 363.0, 390.0, 392.0, 408.0, 403.0, 432.0, 441.0, 344.0, 313.0, 349.0, 441.0, 385.0, 362.0, 506.0, 393.0, 560.0, 429.0, 408.0, 594.0, 566.0, 583.0, 559.0, 635.0, 586.0, 635.0, 652.0, 631.0, 564.0, 444.0, 454.0, 430.0, 563.0, 488.0, 510.0, 448.0, 372.0, 509.0, 496.0, 269.0], [116.0, 234.0, 148.0, 294.0, 266.0, 94.0, 254.0, 260.0, 0.0, 116.0, 60.0, 90.0, 265.0, 192.0, 277.0, 244.0, 286.0, 219.0, 242.0, 275.0, 107.0, 56.0, 100.0, 208.0, 134.0, 134.0, 260.0, 136.0, 304.0, 172.0, 148.0, 346.0, 312.0, 328.0, 300.0, 382.0, 326.0, 377.0, 394.0, 371.0, 420.0, 280.0, 280.0, 250.0, 400.0, 302.0, 350.0, 253.0, 200.0, 423.0, 291.0, 116.0], [233.0, 245.0, 170.0, 340.0, 322.0, 148.0, 304.0, 300.0, 116.0, 0.0, 80.0, 70.0, 152.0, 78.0, 161.0, 128.0, 170.0, 111.0, 139.0, 164.0, 200.0, 141.0, 180.0, 145.0, 202.0, 72.0, 215.0, 186.0, 283.0, 215.0, 170.0, 393.0, 349.0, 360.0, 320.0, 418.0, 339.0, 396.0, 410.0, 375.0, 526.0, 386.0, 383.0, 353.0, 501.0, 400.0, 453.0, 350.0, 310.0, 538.0, 380.0, 233.0], [167.0, 192.0, 107.0, 271.0, 250.0, 70.0, 306.0, 233.0, 60.0, 80.0, 0.0, 30.0, 214.0, 158.0, 230.0, 205.0, 242.0, 192.0, 219.0, 244.0, 167.0, 111.0, 156.0, 210.0, 188.0, 130.0, 272.0, 184.0, 328.0, 219.0, 186.0, 398.0, 360.0, 374.0, 342.0, 431.0, 366.0, 420.0, 436.0, 408.0, 480.0, 340.0, 340.0, 310.0, 460.0, 363.0, 410.0, 314.0, 260.0, 478.0, 351.0, 167.0], [196.0, 180.0, 100.0, 270.0, 251.0, 80.0, 330.0, 230.0, 90.0, 70.0, 30.0, 0.0, 188.0, 143.0, 206.0, 186.0, 219.0, 180.0, 208.0, 228.0, 196.0, 139.0, 183.0, 212.0, 214.0, 133.0, 278.0, 208.0, 340.0, 242.0, 205.0, 422.0, 382.0, 396.0, 361.0, 453.0, 384.0, 439.0, 454.0, 424.0, 510.0, 370.0, 370.0, 340.0, 490.0, 393.0, 440.0, 343.0, 290.0, 506.0, 380.0, 196.0], [380.0, 287.0, 250.0, 403.0, 398.0, 262.0, 439.0, 362.0, 265.0, 152.0, 214.0, 188.0, 0.0, 104.0, 30.0, 70.0, 50.0, 122.0, 141.0, 111.0, 353.0, 294.0, 331.0, 219.0, 350.0, 192.0, 286.0, 330.0, 366.0, 353.0, 304.0, 522.0, 474.0, 481.0, 434.0, 538.0, 447.0, 505.0, 514.0, 471.0, 678.0, 539.0, 536.0, 506.0, 653.0, 552.0, 606.0, 502.0, 463.0, 689.0, 530.0, 380.0], [308.0, 300.0, 235.0, 404.0, 390.0, 223.0, 335.0, 363.0, 192.0, 78.0, 158.0, 143.0, 104.0, 0.0, 100.0, 53.0, 101.0, 40.0, 70.0, 86.0, 262.0, 206.0, 237.0, 120.0, 251.0, 90.0, 191.0, 230.0, 269.0, 250.0, 200.0, 417.0, 370.0, 376.0, 331.0, 434.0, 344.0, 403.0, 413.0, 372.0, 586.0, 449.0, 443.0, 414.0, 559.0, 457.0, 514.0, 407.0, 376.0, 608.0, 431.0, 308.0], [393.0, 316.0, 274.0, 430.0, 424.0, 282.0, 434.0, 390.0, 277.0, 161.0, 230.0, 206.0, 30.0, 100.0, 0.0, 53.0, 20.0, 107.0, 122.0, 86.0, 359.0, 300.0, 335.0, 206.0, 351.0, 190.0, 269.0, 330.0, 349.0, 350.0, 300.0, 514.0, 465.0, 471.0, 423.0, 528.0, 434.0, 492.0, 500.0, 456.0, 684.0, 545.0, 541.0, 511.0, 657.0, 555.0, 611.0, 506.0, 471.0, 700.0, 531.0, 393.0], [360.0, 323.0, 269.0, 434.0, 423.0, 266.0, 382.0, 392.0, 244.0, 128.0, 205.0, 186.0, 70.0, 53.0, 53.0, 0.0, 50.0, 53.0, 70.0, 50.0, 316.0, 260.0, 291.0, 152.0, 304.0, 141.0, 216.0, 281.0, 296.0, 300.0, 250.0, 460.0, 412.0, 417.0, 370.0, 474.0, 380.0, 438.0, 447.0, 403.0, 640.0, 502.0, 497.0, 468.0, 611.0, 509.0, 567.0, 460.0, 430.0, 662.0, 483.0, 360.0], [403.0, 335.0, 291.0, 449.0, 442.0, 297.0, 431.0, 408.0, 286.0, 170.0, 242.0, 219.0, 50.0, 101.0, 20.0, 50.0, 0.0, 101.0, 111.0, 70.0, 364.0, 306.0, 339.0, 199.0, 353.0, 191.0, 259.0, 331.0, 340.0, 350.0, 300.0, 509.0, 460.0, 465.0, 417.0, 522.0, 427.0, 484.0, 492.0, 447.0, 688.0, 550.0, 545.0, 516.0, 660.0, 559.0, 616.0, 509.0, 477.0, 707.0, 533.0, 403.0], [333.0, 340.0, 274.0, 444.0, 429.0, 260.0, 330.0, 403.0, 219.0, 111.0, 192.0, 180.0, 122.0, 40.0, 107.0, 53.0, 101.0, 0.0, 30.0, 58.0, 277.0, 224.0, 250.0, 98.0, 259.0, 98.0, 164.0, 235.0, 244.0, 250.0, 200.0, 407.0, 359.0, 364.0, 316.0, 420.0, 326.0, 384.0, 393.0, 349.0, 597.0, 462.0, 455.0, 427.0, 567.0, 465.0, 524.0, 417.0, 393.0, 626.0, 437.0, 333.0], [353.0, 370.0, 304.0, 473.0, 458.0, 287.0, 330.0, 432.0, 242.0, 139.0, 219.0, 208.0, 141.0, 70.0, 122.0, 70.0, 111.0, 30.0, 0.0, 50.0, 291.0, 242.0, 264.0, 90.0, 269.0, 114.0, 147.0, 243.0, 228.0, 254.0, 206.0, 403.0, 353.0, 356.0, 308.0, 412.0, 316.0, 373.0, 380.0, 335.0, 607.0, 474.0, 466.0, 438.0, 575.0, 474.0, 534.0, 427.0, 408.0, 641.0, 443.0, 353.0], [390.0, 373.0, 316.0, 482.0, 471.0, 308.0, 380.0, 441.0, 275.0, 164.0, 244.0, 228.0, 111.0, 86.0, 86.0, 50.0, 70.0, 58.0, 50.0, 0.0, 335.0, 283.0, 308.0, 140.0, 316.0, 156.0, 193.0, 291.0, 273.0, 304.0, 254.0, 452.0, 403.0, 406.0, 356.0, 460.0, 364.0, 420.0, 427.0, 380.0, 654.0, 520.0, 512.0, 484.0, 623.0, 522.0, 581.0, 474.0, 451.0, 684.0, 492.0, 390.0], [100.0, 333.0, 250.0, 372.0, 340.0, 192.0, 161.0, 344.0, 107.0, 200.0, 167.0, 196.0, 353.0, 262.0, 359.0, 316.0, 364.0, 277.0, 291.0, 335.0, 0.0, 60.0, 28.0, 226.0, 50.0, 178.0, 250.0, 72.0, 264.0, 100.0, 111.0, 250.0, 223.0, 241.0, 225.0, 291.0, 254.0, 297.0, 316.0, 304.0, 325.0, 186.0, 182.0, 152.0, 300.0, 200.0, 253.0, 150.0, 116.0, 349.0, 184.0, 100.0], [116.0, 290.0, 205.0, 345.0, 316.0, 150.0, 197.0, 313.0, 56.0, 141.0, 111.0, 139.0, 294.0, 206.0, 300.0, 260.0, 306.0, 224.0, 242.0, 283.0, 60.0, 0.0, 44.0, 188.0, 78.0, 128.0, 228.0, 80.0, 260.0, 116.0, 100.0, 290.0, 256.0, 272.0, 245.0, 326.0, 273.0, 322.0, 340.0, 319.0, 384.0, 245.0, 241.0, 212.0, 360.0, 260.0, 312.0, 210.0, 170.0, 402.0, 243.0, 116.0], [121.0, 332.0, 247.0, 380.0, 349.0, 191.0, 156.0, 349.0, 100.0, 180.0, 156.0, 183.0, 331.0, 237.0, 335.0, 291.0, 339.0, 250.0, 264.0, 308.0, 28.0, 44.0, 0.0, 197.0, 36.0, 152.0, 223.0, 50.0, 241.0, 82.0, 85.0, 247.0, 216.0, 233.0, 211.0, 286.0, 240.0, 286.0, 304.0, 288.0, 349.0, 211.0, 206.0, 177.0, 322.0, 220.0, 276.0, 171.0, 144.0, 377.0, 200.0, 121.0], [305.0, 390.0, 312.0, 480.0, 460.0, 280.0, 240.0, 441.0, 208.0, 145.0, 210.0, 212.0, 219.0, 120.0, 206.0, 152.0, 199.0, 98.0, 90.0, 140.0, 226.0, 188.0, 197.0, 0.0, 194.0, 80.0, 72.0, 166.0, 148.0, 170.0, 125.0, 312.0, 263.0, 266.0, 218.0, 322.0, 228.0, 286.0, 295.0, 252.0, 528.0, 399.0, 389.0, 363.0, 493.0, 393.0, 456.0, 348.0, 340.0, 572.0, 360.0, 305.0], [150.0, 367.0, 282.0, 415.0, 384.0, 226.0, 120.0, 385.0, 134.0, 202.0, 188.0, 214.0, 350.0, 251.0, 351.0, 304.0, 353.0, 259.0, 269.0, 316.0, 50.0, 78.0, 36.0, 194.0, 0.0, 162.0, 208.0, 28.0, 215.0, 50.0, 70.0, 212.0, 180.0, 197.0, 177.0, 250.0, 206.0, 250.0, 269.0, 254.0, 338.0, 205.0, 196.0, 170.0, 308.0, 206.0, 265.0, 158.0, 148.0, 378.0, 180.0, 150.0], [240.0, 313.0, 233.0, 401.0, 380.0, 200.0, 247.0, 362.0, 134.0, 72.0, 130.0, 133.0, 192.0, 90.0, 190.0, 141.0, 191.0, 98.0, 114.0, 156.0, 178.0, 128.0, 152.0, 80.0, 162.0, 0.0, 145.0, 140.0, 210.0, 161.0, 111.0, 332.0, 286.0, 295.0, 252.0, 353.0, 270.0, 328.0, 340.0, 304.0, 500.0, 364.0, 357.0, 328.0, 470.0, 368.0, 427.0, 320.0, 295.0, 528.0, 342.0, 240.0], [341.0, 458.0, 378.0, 544.0, 521.0, 341.0, 215.0, 506.0, 260.0, 215.0, 272.0, 278.0, 286.0, 191.0, 269.0, 216.0, 259.0, 164.0, 147.0, 193.0, 250.0, 228.0, 223.0, 72.0, 208.0, 145.0, 0.0, 180.0, 80.0, 169.0, 138.0, 270.0, 220.0, 220.0, 170.0, 271.0, 172.0, 228.0, 234.0, 187.0, 521.0, 403.0, 390.0, 367.0, 483.0, 388.0, 452.0, 348.0, 356.0, 580.0, 349.0, 341.0], [171.0, 370.0, 284.0, 425.0, 395.0, 230.0, 122.0, 393.0, 136.0, 186.0, 184.0, 208.0, 330.0, 230.0, 330.0, 281.0, 331.0, 235.0, 243.0, 291.0, 72.0, 80.0, 50.0, 166.0, 28.0, 140.0, 180.0, 0.0, 192.0, 36.0, 42.0, 214.0, 176.0, 192.0, 165.0, 247.0, 193.0, 241.0, 259.0, 240.0, 364.0, 233.0, 223.0, 197.0, 332.0, 230.0, 291.0, 183.0, 176.0, 406.0, 202.0, 171.0], [363.0, 520.0, 436.0, 596.0, 570.0, 392.0, 176.0, 560.0, 304.0, 283.0, 328.0, 340.0, 366.0, 269.0, 349.0, 296.0, 340.0, 244.0, 228.0, 273.0, 264.0, 260.0, 241.0, 148.0, 215.0, 210.0, 80.0, 192.0, 0.0, 167.0, 160.0, 208.0, 161.0, 155.0, 107.0, 200.0, 100.0, 151.0, 155.0, 107.0, 489.0, 386.0, 370.0, 352.0, 448.0, 360.0, 424.0, 328.0, 353.0, 562.0, 318.0, 363.0], [200.0, 406.0, 320.0, 460.0, 430.0, 266.0, 89.0, 429.0, 172.0, 215.0, 219.0, 242.0, 353.0, 250.0, 350.0, 300.0, 350.0, 250.0, 254.0, 304.0, 100.0, 116.0, 82.0, 170.0, 50.0, 161.0, 169.0, 36.0, 167.0, 0.0, 50.0, 180.0, 141.0, 156.0, 130.0, 212.0, 158.0, 205.0, 223.0, 206.0, 357.0, 234.0, 222.0, 198.0, 323.0, 223.0, 286.0, 180.0, 188.0, 410.0, 189.0, 200.0], [206.0, 377.0, 291.0, 442.0, 414.0, 241.0, 136.0, 408.0, 148.0, 170.0, 186.0, 205.0, 304.0, 200.0, 300.0, 250.0, 300.0, 200.0, 206.0, 254.0, 111.0, 100.0, 85.0, 125.0, 70.0, 111.0, 138.0, 42.0, 160.0, 50.0, 0.0, 223.0, 180.0, 192.0, 156.0, 250.0, 180.0, 234.0, 250.0, 223.0, 403.0, 274.0, 264.0, 238.0, 370.0, 269.0, 331.0, 223.0, 219.0, 448.0, 237.0, 206.0], [335.0, 580.0, 494.0, 621.0, 588.0, 438.0, 92.0, 594.0, 346.0, 393.0, 398.0, 422.0, 522.0, 417.0, 514.0, 460.0, 509.0, 407.0, 403.0, 452.0, 250.0, 290.0, 247.0, 312.0, 212.0, 332.0, 270.0, 214.0, 208.0, 180.0, 223.0, 0.0, 50.0, 53.0, 101.0, 50.0, 111.0, 94.0, 111.0, 141.0, 310.0, 251.0, 231.0, 230.0, 266.0, 206.0, 260.0, 200.0, 264.0, 408.0, 162.0, 335.0], [316.0, 546.0, 460.0, 595.0, 563.0, 406.0, 63.0, 566.0, 312.0, 349.0, 360.0, 382.0, 474.0, 370.0, 465.0, 412.0, 460.0, 359.0, 353.0, 403.0, 223.0, 256.0, 216.0, 263.0, 180.0, 286.0, 220.0, 176.0, 161.0, 141.0, 180.0, 50.0, 0.0, 20.0, 53.0, 70.0, 70.0, 80.0, 100.0, 111.0, 340.0, 262.0, 243.0, 235.0, 297.0, 223.0, 283.0, 206.0, 260.0, 429.0, 178.0, 316.0], [335.0, 562.0, 476.0, 612.0, 581.0, 422.0, 82.0, 583.0, 328.0, 360.0, 374.0, 396.0, 481.0, 376.0, 471.0, 417.0, 465.0, 364.0, 356.0, 406.0, 241.0, 272.0, 233.0, 266.0, 197.0, 295.0, 220.0, 192.0, 155.0, 156.0, 192.0, 53.0, 20.0, 0.0, 50.0, 58.0, 58.0, 60.0, 80.0, 94.0, 356.0, 281.0, 262.0, 254.0, 312.0, 241.0, 300.0, 225.0, 280.0, 447.0, 196.0, 335.0], [323.0, 532.0, 446.0, 590.0, 560.0, 394.0, 85.0, 559.0, 300.0, 320.0, 342.0, 361.0, 434.0, 331.0, 423.0, 370.0, 417.0, 316.0, 308.0, 356.0, 225.0, 245.0, 211.0, 218.0, 177.0, 252.0, 170.0, 165.0, 107.0, 130.0, 156.0, 101.0, 53.0, 50.0, 0.0, 104.0, 30.0, 78.0, 94.0, 80.0, 388.0, 299.0, 281.0, 269.0, 346.0, 266.0, 328.0, 241.0, 284.0, 471.0, 222.0, 323.0], [380.0, 617.0, 531.0, 663.0, 631.0, 476.0, 130.0, 635.0, 382.0, 418.0, 431.0, 453.0, 538.0, 434.0, 528.0, 474.0, 522.0, 420.0, 412.0, 460.0, 291.0, 326.0, 286.0, 322.0, 250.0, 353.0, 271.0, 247.0, 200.0, 212.0, 250.0, 50.0, 70.0, 58.0, 104.0, 0.0, 100.0, 58.0, 70.0, 111.0, 353.0, 301.0, 281.0, 280.0, 308.0, 254.0, 306.0, 250.0, 314.0, 455.0, 212.0, 380.0], [353.0, 557.0, 471.0, 618.0, 588.0, 420.0, 114.0, 586.0, 326.0, 339.0, 366.0, 384.0, 447.0, 344.0, 434.0, 380.0, 427.0, 326.0, 316.0, 364.0, 254.0, 273.0, 240.0, 228.0, 206.0, 270.0, 172.0, 193.0, 100.0, 158.0, 180.0, 111.0, 70.0, 58.0, 30.0, 100.0, 0.0, 58.0, 70.0, 50.0, 411.0, 326.0, 308.0, 297.0, 367.0, 291.0, 352.0, 269.0, 314.0, 497.0, 246.0, 353.0], [392.0, 610.0, 524.0, 666.0, 635.0, 471.0, 141.0, 635.0, 377.0, 396.0, 420.0, 439.0, 505.0, 403.0, 492.0, 438.0, 484.0, 384.0, 373.0, 420.0, 297.0, 322.0, 286.0, 286.0, 250.0, 328.0, 228.0, 241.0, 151.0, 205.0, 234.0, 94.0, 80.0, 60.0, 78.0, 58.0, 58.0, 0.0, 20.0, 53.0, 404.0, 339.0, 320.0, 314.0, 360.0, 297.0, 353.0, 284.0, 340.0, 501.0, 252.0, 392.0], [412.0, 626.0, 540.0, 684.0, 653.0, 488.0, 161.0, 652.0, 394.0, 410.0, 436.0, 454.0, 514.0, 413.0, 500.0, 447.0, 492.0, 393.0, 380.0, 427.0, 316.0, 340.0, 304.0, 295.0, 269.0, 340.0, 234.0, 259.0, 155.0, 223.0, 250.0, 111.0, 100.0, 80.0, 94.0, 70.0, 70.0, 20.0, 0.0, 50.0, 421.0, 359.0, 339.0, 333.0, 377.0, 316.0, 371.0, 304.0, 360.0, 520.0, 272.0, 412.0], [403.0, 600.0, 514.0, 664.0, 635.0, 465.0, 162.0, 631.0, 371.0, 375.0, 408.0, 424.0, 471.0, 372.0, 456.0, 403.0, 447.0, 349.0, 335.0, 380.0, 304.0, 319.0, 288.0, 252.0, 254.0, 304.0, 187.0, 240.0, 107.0, 206.0, 223.0, 141.0, 111.0, 94.0, 80.0, 111.0, 50.0, 53.0, 50.0, 0.0, 450.0, 373.0, 354.0, 344.0, 406.0, 335.0, 394.0, 316.0, 363.0, 541.0, 290.0, 403.0], [322.0, 592.0, 527.0, 572.0, 536.0, 473.0, 312.0, 564.0, 420.0, 526.0, 480.0, 510.0, 678.0, 586.0, 684.0, 640.0, 688.0, 597.0, 607.0, 654.0, 325.0, 384.0, 349.0, 528.0, 338.0, 500.0, 521.0, 364.0, 489.0, 357.0, 403.0, 310.0, 340.0, 356.0, 388.0, 353.0, 411.0, 404.0, 421.0, 450.0, 0.0, 140.0, 143.0, 172.0, 44.0, 134.0, 72.0, 180.0, 220.0, 121.0, 172.0, 322.0], [186.0, 462.0, 392.0, 458.0, 422.0, 337.0, 214.0, 444.0, 280.0, 386.0, 340.0, 370.0, 539.0, 449.0, 545.0, 502.0, 550.0, 462.0, 474.0, 520.0, 186.0, 245.0, 211.0, 399.0, 205.0, 364.0, 403.0, 233.0, 386.0, 234.0, 274.0, 251.0, 262.0, 281.0, 299.0, 301.0, 326.0, 339.0, 359.0, 373.0, 140.0, 0.0, 20.0, 36.0, 123.0, 53.0, 70.0, 58.0, 80.0, 176.0, 90.0, 186.0], [193.0, 470.0, 398.0, 470.0, 434.0, 342.0, 197.0, 454.0, 280.0, 383.0, 340.0, 370.0, 536.0, 443.0, 541.0, 497.0, 545.0, 455.0, 466.0, 512.0, 182.0, 241.0, 206.0, 389.0, 196.0, 357.0, 390.0, 223.0, 370.0, 222.0, 264.0, 231.0, 243.0, 262.0, 281.0, 281.0, 308.0, 320.0, 339.0, 354.0, 143.0, 20.0, 0.0, 30.0, 120.0, 36.0, 70.0, 42.0, 85.0, 192.0, 70.0, 193.0], [165.0, 442.0, 370.0, 446.0, 411.0, 313.0, 183.0, 430.0, 250.0, 353.0, 310.0, 340.0, 506.0, 414.0, 511.0, 468.0, 516.0, 427.0, 438.0, 484.0, 152.0, 212.0, 177.0, 363.0, 170.0, 328.0, 367.0, 197.0, 352.0, 198.0, 238.0, 230.0, 235.0, 254.0, 269.0, 280.0, 297.0, 314.0, 333.0, 344.0, 172.0, 36.0, 30.0, 0.0, 150.0, 58.0, 100.0, 30.0, 58.0, 212.0, 76.0, 165.0], [310.0, 585.0, 516.0, 574.0, 538.0, 460.0, 272.0, 563.0, 400.0, 501.0, 460.0, 490.0, 653.0, 559.0, 657.0, 611.0, 660.0, 567.0, 575.0, 623.0, 300.0, 360.0, 322.0, 493.0, 308.0, 470.0, 483.0, 332.0, 448.0, 323.0, 370.0, 266.0, 297.0, 312.0, 346.0, 308.0, 367.0, 360.0, 377.0, 406.0, 44.0, 123.0, 120.0, 150.0, 0.0, 101.0, 53.0, 151.0, 203.0, 160.0, 134.0, 310.0], [223.0, 500.0, 427.0, 504.0, 468.0, 370.0, 184.0, 488.0, 302.0, 400.0, 363.0, 393.0, 552.0, 457.0, 555.0, 509.0, 559.0, 465.0, 474.0, 522.0, 200.0, 260.0, 220.0, 393.0, 206.0, 368.0, 388.0, 230.0, 360.0, 223.0, 269.0, 206.0, 223.0, 241.0, 266.0, 254.0, 291.0, 297.0, 316.0, 335.0, 134.0, 53.0, 36.0, 58.0, 101.0, 0.0, 64.0, 50.0, 116.0, 205.0, 44.0, 223.0], [257.0, 531.0, 463.0, 521.0, 485.0, 407.0, 247.0, 510.0, 350.0, 453.0, 410.0, 440.0, 606.0, 514.0, 611.0, 567.0, 616.0, 524.0, 534.0, 581.0, 253.0, 312.0, 276.0, 456.0, 265.0, 427.0, 452.0, 291.0, 424.0, 286.0, 331.0, 260.0, 283.0, 300.0, 328.0, 306.0, 352.0, 353.0, 371.0, 394.0, 72.0, 70.0, 70.0, 100.0, 53.0, 64.0, 0.0, 107.0, 151.0, 148.0, 106.0, 257.0], [180.0, 456.0, 380.0, 466.0, 431.0, 323.0, 156.0, 448.0, 253.0, 350.0, 314.0, 343.0, 502.0, 407.0, 506.0, 460.0, 509.0, 417.0, 427.0, 474.0, 150.0, 210.0, 171.0, 348.0, 158.0, 320.0, 348.0, 183.0, 328.0, 180.0, 223.0, 200.0, 206.0, 225.0, 241.0, 250.0, 269.0, 284.0, 304.0, 316.0, 180.0, 58.0, 42.0, 30.0, 151.0, 50.0, 107.0, 0.0, 78.0, 234.0, 50.0, 180.0], [107.0, 384.0, 313.0, 389.0, 353.0, 257.0, 200.0, 372.0, 200.0, 310.0, 260.0, 290.0, 463.0, 376.0, 471.0, 430.0, 477.0, 393.0, 408.0, 451.0, 116.0, 170.0, 144.0, 340.0, 148.0, 295.0, 356.0, 176.0, 353.0, 188.0, 219.0, 264.0, 260.0, 280.0, 284.0, 314.0, 314.0, 340.0, 360.0, 363.0, 220.0, 80.0, 85.0, 58.0, 203.0, 116.0, 151.0, 78.0, 0.0, 233.0, 128.0, 107.0], [310.0, 551.0, 500.0, 509.0, 475.0, 453.0, 388.0, 509.0, 423.0, 538.0, 478.0, 506.0, 689.0, 608.0, 700.0, 662.0, 707.0, 626.0, 641.0, 684.0, 349.0, 402.0, 377.0, 572.0, 378.0, 528.0, 580.0, 406.0, 562.0, 410.0, 448.0, 408.0, 429.0, 447.0, 471.0, 455.0, 497.0, 501.0, 520.0, 541.0, 121.0, 176.0, 192.0, 212.0, 160.0, 205.0, 148.0, 234.0, 233.0, 0.0, 250.0, 310.0], [228.0, 502.0, 424.0, 516.0, 480.0, 366.0, 141.0, 496.0, 291.0, 380.0, 351.0, 380.0, 530.0, 431.0, 531.0, 483.0, 533.0, 437.0, 443.0, 492.0, 184.0, 243.0, 200.0, 360.0, 180.0, 342.0, 349.0, 202.0, 318.0, 189.0, 237.0, 162.0, 178.0, 196.0, 222.0, 212.0, 246.0, 252.0, 272.0, 290.0, 172.0, 90.0, 70.0, 76.0, 134.0, 44.0, 106.0, 50.0, 128.0, 250.0, 0.0, 228.0], [0.0, 277.0, 206.0, 290.0, 256.0, 151.0, 252.0, 269.0, 116.0, 233.0, 167.0, 196.0, 380.0, 308.0, 393.0, 360.0, 403.0, 333.0, 353.0, 390.0, 100.0, 116.0, 121.0, 305.0, 150.0, 240.0, 341.0, 171.0, 363.0, 200.0, 206.0, 335.0, 316.0, 335.0, 323.0, 380.0, 353.0, 392.0, 412.0, 403.0, 322.0, 186.0, 193.0, 165.0, 310.0, 223.0, 257.0, 180.0, 107.0, 310.0, 228.0, 0.0]], "end_depot": 51, "horizon": [0.0, 33900.0], "instance_name": "C207_50", "service_times": [0.0, 900.0, 900.0, 900.0, 900.0, 900.0, 900.0, 900.0, 900.0, 900.0, 900.0, 900.0, 900.0, 900.0, 900.0, 900.0, 900.0, 900.0, 900.0, 900.0, 900.0, 900.0, 900.0, 900.0, 900.0, 900.0, 900.0, 900.0, 900.0, 900.0, 900.0, 900.0, 900.0, 900.0, 900.0, 900.0, 900.0, 900.0, 900.0, 900.0, 900.0, 900.0, 900.0, 900.0, 900.0, 900.0, 900.0, 900.0, 900.0, 900.0, 900.0, 0.0], "speed_zone_count": 5, "speed_zones": [[0.0, 6780.0], [6780.0, 10170.0], [10170.0, 23730.0], [23730.0, 27120.0], [27120.0, 33900.0]], "start_depot": 0, "time_windows": [[0.0, 33900.0], [3020.0, 4790.0], [1570.0, 4280.0], [11380.0, 13550.0], [12470.0, 14340.0], [150.0, 2080.0], [2090.0, 9440.0], [10590.0, 12460.0], [20350.0, 32880.0], [20900.0, 32710.0], [23110.0, 32830.0], [24280.0, 31270.0], [17720.0, 26250.0], [21350.0, 28340.0], [15860.0, 26250.0], [18580.0, 27330.0], [15120.0, 25150.0], [18950.0, 28860.0], [12990.0, 23440.0], [14610.0, 23720.0], [100.0, 9630.0], [20620.0, 32880.0], [120.0, 7520.0], [13160.0, 21290.0], [150.0, 5320.0], [21770.0, 29900.0], [10360.0, 22130.0], [170.0, 6020.0], [10100.0, 20430.0], [200.0, 9480.0], [630.0, 7020.0], [3090.0, 14120.0], [3360.0, 10090.0], [2340.0, 12950.0], [9540.0, 18970.0], [3770.0, 15340.0], [8190.0, 18460.0], [4940.0, 16070.0], [6370.0, 16480.0], [8340.0, 16410.0], [14680.0, 23290.0], [24800.0, 31950.0], [24210.0, 30700.0], [23680.0, 29370.0], [16210.0, 23640.0], [18050.0, 25640.0], [17820.0, 23950.0], [22420.0, 28770.0], [26050.0, 32660.0], [8120.0, 12810.0], [18420.0, 29010.0], [0.0, 33900.0]], "vehicle_count": 50}