{"capacity": 200, "cluster_count": 3, "cluster_speeds": [[1, 0.333333, 0.666667, 0.5, 0.833333], [1.16667, 0.666667, 1.33333, 0.833333, 1], [1.5, 1, 1.66667, 1.16667, 1.33333]], "clusters": [[0, 1, 2, 1, 2, 0, 2, 0, 0, 0, 2, 0, 1, 0, 0, 0, 2, 2, 1, 2, 1, 2, 0, 1, 2, 0, 0], [0, 0, 2, 2, 2, 1, 0, 2, 1, 2, 0, 1, 0, 0, 2, 0, 2, 1, 0, 0, 2, 1, 2, 1, 1, 2, 1], [0, 2, 0, 1, 1, 1, 1, 0, 0, 1, 2, 0, 2, 2, 0, 2, 0, 1, 2, 1, 1, 1, 0, 2, 2, 2, 2], [0, 2, 1, 0, 1, 1, 1, 2, 1, 1, 0, 0, 1, 2, 1, 2, 2, 0, 0, 2, 0, 2, 1, 1, 2, 0, 2], [0, 2, 1, 1, 0, 1, 1, 0, 0, 2, 1, 1, 2, 2, 2, 0, 2, 1, 2, 0, 2, 0, 0, 1, 2, 2, 1], [0, 1, 1, 1, 1, 0, 2, 2, 2, 1, 0, 1, 2, 1, 1, 2, 1, 1, 0, 2, 2, 2, 0, 2, 1, 1, 2], [0, 0, 1, 1, 1, 2, 0, 1, 2, 1, 0, 1, 0, 0, 2, 1, 2, 1, 0, 1, 0, 0, 2, 2, 2, 2, 0], [0, 2, 0, 2, 0, 2, 1, 0, 0, 1, 2, 0, 0, 2, 1, 2, 2, 0, 1, 0, 2, 1, 1, 2, 1, 2, 2], [0, 1, 0, 1, 0, 2, 2, 0, 0, 0, 1, 0, 1, 0, 1, 1, 2, 1, 1, 2, 2, 1, 1, 1, 2, 1, 0], [0, 2, 1, 1, 2, 1, 1, 1, 0, 0, 2, 0, 0, 1, 0, 2, 0, 0, 2, 1, 1, 2, 2, 1, 2, 0, 0], [0, 0, 2, 0, 1, 0, 0, 2, 1, 2, 0, 1, 0, 0, 0, 2, 1, 2, 2, 2, 1, 0, 2, 2, 2, 1, 1], [0, 1, 0, 0, 1, 1, 1, 0, 0, 0, 1, 0, 2, 0, 1, 0, 2, 1, 0, 2, 0, 2, 2, 0, 0, 1, 1], [0, 0, 2, 1, 2, 2, 0, 0, 1, 0, 0, 2, 0, 2, 1, 2, 1, 1, 2, 2, 0, 1, 0, 0, 1, 1, 1], [0, 0, 2, 2, 2, 1, 0, 2, 0, 1, 0, 0, 2, 0, 0, 0, 0, 0, 1, 2, 2, 0, 2, 2, 1, 2, 2], [0, 2, 0, 1, 2, 1, 2, 1, 1, 0, 0, 1, 1, 0, 0, 1, 2, 2, 0, 0, 2, 2, 2, 1, 0, 1, 0], [0, 0, 2, 2, 0, 2, 1, 2, 1, 2, 2, 0, 2, 0, 1, 0, 0, 0, 0, 1, 2, 0, 2, 2, 0, 2, 2], [0, 2, 0, 2, 2, 1, 2, 2, 2, 0, 1, 2, 1, 0, 2, 0, 0, 1, 1, 1, 1, 2, 2, 1, 2, 1, 2], [0, 1, 1, 0, 1, 1, 1, 0, 1, 0, 2, 1, 1, 0, 2, 0, 1, 0, 1, 2, 2, 0, 2, 2, 1, 0, 1], [0, 0, 2, 0, 2, 0, 0, 1, 1, 2, 2, 0, 2, 1, 0, 0, 1, 1, 0, 0, 2, 0, 0, 0, 2, 0, 1], [0, 0, 1, 2, 0, 2, 1, 0, 2, 1, 2, 2, 2, 2, 0, 1, 1, 2, 0, 0, 1, 0, 1, 1, 2, 2, 2], [0, 2, 1, 0, 2, 2, 0, 2, 2, 1, 1, 0, 0, 2, 2, 2, 1, 2, 2, 1, 0, 2, 2, 0, 1, 0, 0], [0, 1, 1, 2, 0, 2, 0, 1, 1, 2, 0, 2, 1, 0, 2, 0, 2, 0, 0, 0, 2, 0, 1, 0, 2, 2, 0], [0, 2, 0, 1, 0, 0, 2, 1, 1, 2, 2, 2, 0, 2, 2, 2, 2, 2, 0, 1, 2, 1, 0, 1, 2, 0, 2], [0, 1, 2, 1, 1, 2, 2, 2, 1, 1, 2, 0, 0, 2, 1, 2, 1, 2, 0, 1, 0, 0, 1, 0, 2, 2, 2], [0, 1, 2, 2, 2, 1, 2, 1, 2, 2, 2, 0, 1, 1, 0, 0, 2, 1, 2, 2, 1, 2, 2, 2, 0, 1, 1], [0, 2, 2, 0, 2, 1, 2, 2, 1, 0, 1, 1, 1, 2, 1, 2, 1, 0, 0, 2, 0, 2, 0, 2, 1, 0, 1], [0, 0, 0, 0, 0, 0, 0, 0, 0, 0, 0, 0, 0, 0, 0, 0, 0, 0, 0, 0, 0, 0, 0, 0, 0, 0, 0]], "dataset_name": "networks_2019", "demands": [0, 10, 30, 10, 10, 10, 20, 20, 20, 10, 10, 10, 20, 30, 10, 40, 40, 20, 20, 10, 10, 20, 20, 10, 10, 40, 0], "digraph": {"arc_count": 650, "arcs": [[0, 1, 1, 1, 1, 1, 1, 1, 1, 1, 1, 1, 1, 1, 1, 1, 1, 1, 1, 1, 1, 1, 1, 1, 1, 1, 0], [0, 0, 1, 1, 1, 1, 1, 1, 1, 1, 1, 1, 1, 1, 1, 1, 1, 1, 1, 1, 1, 1, 1, 1, 1, 1, 1], [0, 1, 0, 1, 1, 1, 1, 1, 1, 1, 1, 1, 1, 1, 1, 1, 1, 1, 1, 1, 1, 1, 1, 1, 1, 1, 1], [0, 1, 1, 0, 1, 1, 1, 1, 1, 1, 1, 1, 1, 1, 1, 1, 1, 1, 1, 1, 1, 1, 1, 1, 1, 1, 1], [0, 1, 1, 1, 0, 1, 1, 1, 1, 1, 1, 1, 1, 1, 1, 1, 1, 1, 1, 1, 1, 1, 1, 1, 1, 1, 1], [0, 1, 1, 1, 1, 0, 1, 1, 1, 1, 1, 1, 1, 1, 1, 1, 1, 1, 1, 1, 1, 1, 1, 1, 1, 1, 1], [0, 1, 1, 1, 1, 1, 0, 1, 1, 1, 1, 1, 1, 1, 1, 1, 1, 1, 1, 1, 1, 1, 1, 1, 1, 1, 1], [0, 1, 1, 1, 1, 1, 1, 0, 1, 1, 1, 1, 1, 1, 1, 1, 1, 1, 1, 1, 1, 1, 1, 1, 1, 1, 1], [0, 1, 1, 1, 1, 1, 1, 1, 0, 1, 1, 1, 1, 1, 1, 1, 1, 1, 1, 1, 1, 1, 1, 1, 1, 1, 1], [0, 1, 1, 1, 1, 1, 1, 1, 1, 0, 1, 1, 1, 1, 1, 1, 1, 1, 1, 1, 1, 1, 1, 1, 1, 1, 1], [0, 1, 1, 1, 1, 1, 1, 1, 1, 1, 0, 1, 1, 1, 1, 1, 1, 1, 1, 1, 1, 1, 1, 1, 1, 1, 1], [0, 1, 1, 1, 1, 1, 1, 1, 1, 1, 1, 0, 1, 1, 1, 1, 1, 1, 1, 1, 1, 1, 1, 1, 1, 1, 1], [0, 1, 1, 1, 1, 1, 1, 1, 1, 1, 1, 1, 0, 1, 1, 1, 1, 1, 1, 1, 1, 1, 1, 1, 1, 1, 1], [0, 1, 1, 1, 1, 1, 1, 1, 1, 1, 1, 1, 1, 0, 1, 1, 1, 1, 1, 1, 1, 1, 1, 1, 1, 1, 1], [0, 1, 1, 1, 1, 1, 1, 1, 1, 1, 1, 1, 1, 1, 0, 1, 1, 1, 1, 1, 1, 1, 1, 1, 1, 1, 1], [0, 1, 1, 1, 1, 1, 1, 1, 1, 1, 1, 1, 1, 1, 1, 0, 1, 1, 1, 1, 1, 1, 1, 1, 1, 1, 1], [0, 1, 1, 1, 1, 1, 1, 1, 1, 1, 1, 1, 1, 1, 1, 1, 0, 1, 1, 1, 1, 1, 1, 1, 1, 1, 1], [0, 1, 1, 1, 1, 1, 1, 1, 1, 1, 1, 1, 1, 1, 1, 1, 1, 0, 1, 1, 1, 1, 1, 1, 1, 1, 1], [0, 1, 1, 1, 1, 1, 1, 1, 1, 1, 1, 1, 1, 1, 1, 1, 1, 1, 0, 1, 1, 1, 1, 1, 1, 1, 1], [0, 1, 1, 1, 1, 1, 1, 1, 1, 1, 1, 1, 1, 1, 1, 1, 1, 1, 1, 0, 1, 1, 1, 1, 1, 1, 1], [0, 1, 1, 1, 1, 1, 1, 1, 1, 1, 1, 1, 1, 1, 1, 1, 1, 1, 1, 1, 0, 1, 1, 1, 1, 1, 1], [0, 1, 1, 1, 1, 1, 1, 1, 1, 1, 1, 1, 1, 1, 1, 1, 1, 1, 1, 1, 1, 0, 1, 1, 1, 1, 1], [0, 1, 1, 1, 1, 1, 1, 1, 1, 1, 1, 1, 1, 1, 1, 1, 1, 1, 1, 1, 1, 1, 0, 1, 1, 1, 1], [0, 1, 1, 1, 1, 1, 1, 1, 1, 1, 1, 1, 1, 1, 1, 1, 1, 1, 1, 1, 1, 1, 1, 0, 1, 1, 1], [0, 1, 1, 1, 1, 1, 1, 1, 1, 1, 1, 1, 1, 1, 1, 1, 1, 1, 1, 1, 1, 1, 1, 1, 0, 1, 1], [0, 1, 1, 1, 1, 1, 1, 1, 1, 1, 1, 1, 1, 1, 1, 1, 1, 1, 1, 1, 1, 1, 1, 1, 1, 0, 1], [0, 0, 0, 0, 0, 0, 0, 0, 0, 0, 0, 0, 0, 0, 0, 0, 0, 0, 0, 0, 0, 0, 0, 0, 0, 0, 0]], "coordinates": [[40.0, 50.0], [45.0, 68.0], [45.0, 70.0], [42.0, 66.0], [42.0, 68.0], [42.0, 65.0], [40.0, 69.0], [40.0, 66.0], [38.0, 68.0], [38.0, 70.0], [35.0, 66.0], [35.0, 69.0], [25.0, 85.0], [22.0, 75.0], [22.0, 85.0], [20.0, 80.0], [20.0, 85.0], [18.0, 75.0], [15.0, 75.0], [15.0, 80.0], [30.0, 50.0], [30.0, 52.0], [28.0, 52.0], [28.0, 55.0], [25.0, 50.0], [25.0, 52.0], [40.0, 50.0]], "vertex_count": 27}, "distances": [[0.0, 186.0, 206.0, 161.0, 181.0, 151.0, 190.0, 160.0, 181.0, 200.0, 167.0, 196.0, 380.0, 308.0, 393.0, 360.0, 403.0, 333.0, 353.0, 390.0, 100.0, 101.0, 121.0, 130.0, 150.0, 151.0, 0.0], [186.0, 0.0, 20.0, 36.0, 30.0, 42.0, 50.0, 53.0, 70.0, 72.0, 101.0, 100.0, 262.0, 240.0, 286.0, 277.0, 302.0, 278.0, 308.0, 323.0, 234.0, 219.0, 233.0, 214.0, 269.0, 256.0, 186.0], [206.0, 20.0, 0.0, 50.0, 36.0, 58.0, 50.0, 64.0, 72.0, 70.0, 107.0, 100.0, 250.0, 235.0, 274.0, 269.0, 291.0, 274.0, 304.0, 316.0, 250.0, 234.0, 247.0, 226.0, 282.0, 269.0, 206.0], [161.0, 36.0, 50.0, 0.0, 20.0, 10.0, 36.0, 20.0, 44.0, 56.0, 70.0, 76.0, 254.0, 219.0, 275.0, 260.0, 290.0, 256.0, 284.0, 304.0, 200.0, 184.0, 197.0, 178.0, 233.0, 220.0, 161.0], [181.0, 30.0, 36.0, 20.0, 0.0, 30.0, 22.0, 28.0, 40.0, 44.0, 72.0, 70.0, 240.0, 211.0, 262.0, 250.0, 278.0, 250.0, 278.0, 295.0, 216.0, 200.0, 212.0, 191.0, 247.0, 233.0, 181.0], [151.0, 42.0, 58.0, 10.0, 30.0, 0.0, 44.0, 22.0, 50.0, 64.0, 70.0, 80.0, 262.0, 223.0, 282.0, 266.0, 297.0, 260.0, 287.0, 308.0, 192.0, 176.0, 191.0, 172.0, 226.0, 214.0, 151.0], [190.0, 50.0, 50.0, 36.0, 22.0, 44.0, 0.0, 30.0, 22.0, 22.0, 58.0, 50.0, 219.0, 189.0, 240.0, 228.0, 256.0, 228.0, 257.0, 273.0, 214.0, 197.0, 208.0, 184.0, 242.0, 226.0, 190.0], [160.0, 53.0, 64.0, 20.0, 28.0, 22.0, 30.0, 0.0, 28.0, 44.0, 50.0, 58.0, 242.0, 201.0, 261.0, 244.0, 275.0, 237.0, 265.0, 286.0, 188.0, 172.0, 184.0, 162.0, 219.0, 205.0, 160.0], [181.0, 70.0, 72.0, 44.0, 40.0, 50.0, 22.0, 28.0, 0.0, 20.0, 36.0, 31.0, 214.0, 174.0, 233.0, 216.0, 247.0, 211.0, 240.0, 259.0, 196.0, 178.0, 188.0, 164.0, 222.0, 206.0, 181.0], [200.0, 72.0, 70.0, 56.0, 44.0, 64.0, 22.0, 44.0, 20.0, 0.0, 50.0, 31.0, 198.0, 167.0, 219.0, 205.0, 234.0, 206.0, 235.0, 250.0, 215.0, 196.0, 205.0, 180.0, 238.0, 222.0, 200.0], [167.0, 101.0, 107.0, 70.0, 72.0, 70.0, 58.0, 50.0, 36.0, 50.0, 0.0, 30.0, 214.0, 158.0, 230.0, 205.0, 242.0, 192.0, 219.0, 244.0, 167.0, 148.0, 156.0, 130.0, 188.0, 172.0, 167.0], [196.0, 100.0, 100.0, 76.0, 70.0, 80.0, 50.0, 58.0, 31.0, 31.0, 30.0, 0.0, 188.0, 143.0, 206.0, 186.0, 219.0, 180.0, 208.0, 228.0, 196.0, 177.0, 183.0, 156.0, 214.0, 197.0, 196.0], [380.0, 262.0, 250.0, 254.0, 240.0, 262.0, 219.0, 242.0, 214.0, 198.0, 214.0, 188.0, 0.0, 104.0, 30.0, 70.0, 50.0, 122.0, 141.0, 111.0, 353.0, 333.0, 331.0, 301.0, 350.0, 330.0, 380.0], [308.0, 240.0, 235.0, 219.0, 211.0, 223.0, 189.0, 201.0, 174.0, 167.0, 158.0, 143.0, 104.0, 0.0, 100.0, 53.0, 101.0, 40.0, 70.0, 86.0, 262.0, 243.0, 237.0, 208.0, 251.0, 231.0, 308.0], [393.0, 286.0, 274.0, 275.0, 262.0, 282.0, 240.0, 261.0, 233.0, 219.0, 230.0, 206.0, 30.0, 100.0, 0.0, 53.0, 20.0, 107.0, 122.0, 86.0, 359.0, 339.0, 335.0, 305.0, 351.0, 331.0, 393.0], [360.0, 277.0, 269.0, 260.0, 250.0, 266.0, 228.0, 244.0, 216.0, 205.0, 205.0, 186.0, 70.0, 53.0, 53.0, 0.0, 50.0, 53.0, 70.0, 50.0, 316.0, 297.0, 291.0, 262.0, 304.0, 284.0, 360.0], [403.0, 302.0, 291.0, 290.0, 278.0, 297.0, 256.0, 275.0, 247.0, 234.0, 242.0, 219.0, 50.0, 101.0, 20.0, 50.0, 0.0, 101.0, 111.0, 70.0, 364.0, 344.0, 339.0, 310.0, 353.0, 333.0, 403.0], [333.0, 278.0, 274.0, 256.0, 250.0, 260.0, 228.0, 237.0, 211.0, 206.0, 192.0, 180.0, 122.0, 40.0, 107.0, 53.0, 101.0, 0.0, 30.0, 58.0, 277.0, 259.0, 250.0, 223.0, 259.0, 240.0, 333.0], [353.0, 308.0, 304.0, 284.0, 278.0, 287.0, 257.0, 265.0, 240.0, 235.0, 219.0, 208.0, 141.0, 70.0, 122.0, 70.0, 111.0, 30.0, 0.0, 50.0, 291.0, 274.0, 264.0, 238.0, 269.0, 250.0, 353.0], [390.0, 323.0, 316.0, 304.0, 295.0, 308.0, 273.0, 286.0, 259.0, 250.0, 244.0, 228.0, 111.0, 86.0, 86.0, 50.0, 70.0, 58.0, 50.0, 0.0, 335.0, 317.0, 308.0, 281.0, 316.0, 297.0, 390.0], [100.0, 234.0, 250.0, 200.0, 216.0, 192.0, 214.0, 188.0, 196.0, 215.0, 167.0, 196.0, 353.0, 262.0, 359.0, 316.0, 364.0, 277.0, 291.0, 335.0, 0.0, 20.0, 28.0, 53.0, 50.0, 53.0, 100.0], [101.0, 219.0, 234.0, 184.0, 200.0, 176.0, 197.0, 172.0, 178.0, 196.0, 148.0, 177.0, 333.0, 243.0, 339.0, 297.0, 344.0, 259.0, 274.0, 317.0, 20.0, 0.0, 20.0, 36.0, 53.0, 50.0, 101.0], [121.0, 233.0, 247.0, 197.0, 212.0, 191.0, 208.0, 184.0, 188.0, 205.0, 156.0, 183.0, 331.0, 237.0, 335.0, 291.0, 339.0, 250.0, 264.0, 308.0, 28.0, 20.0, 0.0, 30.0, 36.0, 30.0, 121.0], [130.0, 214.0, 226.0, 178.0, 191.0, 172.0, 184.0, 162.0, 164.0, 180.0, 130.0, 156.0, 301.0, 208.0, 305.0, 262.0, 310.0, 223.0, 238.0, 281.0, 53.0, 36.0, 30.0, 0.0, 58.0, 42.0, 130.0], [150.0, 269.0, 282.0, 233.0, 247.0, 226.0, 242.0, 219.0, 222.0, 238.0, 188.0, 214.0, 350.0, 251.0, 351.0, 304.0, 353.0, 259.0, 269.0, 316.0, 50.0, 53.0, 36.0, 58.0, 0.0, 20.0, 150.0], [151.0, 256.0, 269.0, 220.0, 233.0, 214.0, 226.0, 205.0, 206.0, 222.0, 172.0, 197.0, 330.0, 231.0, 331.0, 284.0, 333.0, 240.0, 250.0, 297.0, 53.0, 50.0, 30.0, 42.0, 20.0, 0.0, 151.0], [0.0, 186.0, 206.0, 161.0, 181.0, 151.0, 190.0, 160.0, 181.0, 200.0, 167.0, 196.0, 380.0, 308.0, 393.0, 360.0, 403.0, 333.0, 353.0, 390.0, 100.0, 101.0, 121.0, 130.0, 150.0, 151.0, 0.0]], "end_depot": 26, "horizon": [0.0, 12360.0], "instance_name": "C102_25_C", "profits": [0.0, 911.3752904714032, 951.9496270127383, 904.3748104288925, 977.1469194329541, 905.5748350289118, 919.4357505098794, 922.7358181599292, 1129.017676010549, 909.3889952237937, 924.3173650940148, 953.1680226177205, 1015.8919697473037, 1106.1677704624676, 951.9496270127381, 1038.5415550705593, 1015.8919697473038, 1057.0680914109284, 976.0352021957905, 990.2213173040334, 959.4717278584455, 933.5673332995725, 978.3851818319164, 1003.1677865984968, 946.9004952048236, 1098.8994351127064, 0.0], "service_times": [0.0, 900.0, 900.0, 900.0, 900.0, 900.0, 900.0, 900.0, 900.0, 900.0, 900.0, 900.0, 900.0, 900.0, 900.0, 900.0, 900.0, 900.0, 900.0, 900.0, 900.0, 900.0, 900.0, 900.0, 900.0, 900.0, 0.0], "speed_zone_count": 5, "speed_zones": [[0.0, 2472.0], [2472.0, 3708.0], [3708.0, 8652.0], [8652.0, 9888.0], [9888.0, 12360.0]], "sr_cuts": [], "sr_duals": [], "start_depot": 0, "time_windows": [[0.0, 12360.0], [0.0, 11270.0], [0.0, 11250.0], [0.0, 11290.0], [7270.0, 7820.0], [0.0, 11300.0], [6210.0, 7020.0], [0.0, 11300.0], [2550.0, 3240.0], [5340.0, 6050.0], [3570.0, 4100.0], [4480.0, 5050.0], [0.0, 11070.0], [300.0, 920.0], [5670.0, 6200.0], [3840.0, 4290.0], [4750.0, 5280.0], [990.0, 1480.0], [1790.0, 2540.0], [2780.0, 3450.0], [100.0, 730.0], [0.0, 11350.0], [8120.0, 8830.0], [7320.0, 7770.0], [650.0, 1440.0], [1690.0, 2240.0], [0.0, 12360.0]], "vehicle_count": 25}