{"capacity": 200, "cluster_count": 3, "cluster_speeds": [[1, 0.333333, 0.666667, 0.5, 0.833333], [1.16667, 0.666667, 1.33333, 0.833333, 1], [1.5, 1, 1.66667, 1.16667, 1.33333]], "clusters": [[0, 1, 2, 1, 2, 0, 2, 0, 0, 0, 2, 0, 1, 0, 0, 0, 2, 2, 1, 2, 1, 2, 0, 1, 2, 0, 2, 0, 1, 2, 0, 2, 2, 1, 1, 0, 0, 2, 2, 1, 2, 1, 0, 0, 0, 2, 2, 0, 1, 2, 0, 0], [0, 0, 2, 2, 2, 1, 0, 2, 1, 2, 0, 1, 0, 0, 2, 0, 2, 1, 0, 0, 2, 1, 2, 1, 1, 2, 1, 2, 1, 2, 1, 0, 1, 1, 0, 1, 2, 2, 0, 1, 1, 0, 1, 2, 2, 0, 1, 2, 1, 1, 2, 1], [0, 2, 0, 1, 1, 1, 1, 0, 0, 1, 2, 0, 2, 2, 0, 2, 0, 1, 2, 1, 1, 1, 0, 2, 2, 2, 2, 1, 0, 2, 0, 1, 2, 2, 1, 2, 0, 2, 1, 0, 1, 2, 0, 1, 0, 1, 0, 2, 1, 1, 2, 0], [0, 2, 1, 0, 1, 1, 1, 2, 1, 1, 0, 0, 1, 2, 1, 2, 2, 0, 0, 2, 0, 2, 1, 1, 2, 0, 2, 2, 0, 1, 0, 1, 0, 0, 1, 0, 2, 2, 1, 2, 2, 2, 2, 2, 2, 0, 0, 2, 2, 0, 1, 0], [0, 2, 1, 1, 0, 1, 1, 0, 0, 2, 1, 1, 2, 2, 2, 0, 2, 1, 2, 0, 2, 0, 0, 1, 2, 2, 1, 0, 2, 2, 2, 2, 0, 2, 1, 0, 1, 2, 1, 2, 1, 0, 1, 2, 1, 0, 2, 0, 1, 1, 2, 0], [0, 1, 1, 1, 1, 0, 2, 2, 2, 1, 0, 1, 2, 1, 1, 2, 1, 1, 0, 2, 2, 2, 0, 2, 1, 1, 2, 1, 2, 0, 0, 0, 0, 0, 1, 2, 2, 2, 1, 2, 2, 2, 0, 0, 2, 0, 0, 0, 2, 1, 1, 2], [0, 0, 1, 1, 1, 2, 0, 1, 2, 1, 0, 1, 0, 0, 2, 1, 2, 1, 0, 1, 0, 0, 2, 2, 2, 2, 0, 1, 1, 0, 0, 0, 1, 0, 1, 0, 1, 1, 1, 2, 0, 2, 1, 0, 1, 1, 0, 0, 0, 1, 2, 0], [0, 2, 0, 2, 0, 2, 1, 0, 0, 1, 2, 0, 0, 2, 1, 2, 2, 0, 1, 0, 2, 1, 1, 2, 1, 2, 2, 0, 2, 2, 0, 0, 1, 1, 1, 2, 1, 1, 1, 0, 1, 1, 1, 0, 2, 0, 0, 1, 2, 0, 1, 0], [0, 1, 0, 1, 0, 2, 2, 0, 0, 0, 1, 0, 1, 0, 1, 1, 2, 1, 1, 2, 2, 1, 1, 1, 2, 1, 0, 2, 0, 2, 0, 1, 1, 1, 0, 0, 1, 2, 2, 0, 2, 2, 2, 1, 2, 2, 1, 0, 1, 0, 1, 2], [0, 2, 1, 1, 2, 1, 1, 1, 0, 0, 2, 0, 0, 1, 0, 2, 0, 0, 2, 1, 1, 2, 2, 1, 2, 0, 0, 1, 2, 0, 2, 1, 1, 0, 2, 1, 2, 2, 1, 2, 0, 0, 2, 1, 1, 2, 2, 2, 1, 0, 1, 1], [0, 0, 2, 0, 1, 0, 0, 2, 1, 2, 0, 1, 0, 0, 0, 2, 1, 2, 2, 2, 1, 0, 2, 2, 2, 1, 1, 1, 2, 1, 1, 1, 1, 1, 1, 2, 2, 0, 1, 2, 1, 1, 0, 0, 1, 2, 2, 1, 2, 0, 1, 0], [0, 1, 0, 0, 1, 1, 1, 0, 0, 0, 1, 0, 2, 0, 1, 0, 2, 1, 0, 2, 0, 2, 2, 0, 0, 1, 1, 0, 1, 1, 2, 0, 1, 1, 1, 2, 2, 1, 0, 1, 1, 1, 0, 2, 1, 1, 0, 1, 0, 1, 1, 2], [0, 0, 2, 1, 2, 2, 0, 0, 1, 0, 0, 2, 0, 2, 1, 2, 1, 1, 2, 2, 0, 1, 0, 0, 1, 1, 1, 0, 0, 1, 2, 0, 2, 1, 1, 2, 1, 0, 2, 0, 2, 2, 0, 1, 0, 0, 2, 2, 1, 0, 0, 2], [0, 0, 2, 2, 2, 1, 0, 2, 0, 1, 0, 0, 2, 0, 0, 0, 0, 0, 1, 2, 2, 0, 2, 2, 1, 2, 2, 1, 2, 1, 2, 1, 1, 1, 1, 1, 2, 2, 1, 2, 0, 1, 1, 1, 1, 0, 0, 2, 0, 1, 2, 2], [0, 2, 0, 1, 2, 1, 2, 1, 1, 0, 0, 1, 1, 0, 0, 1, 2, 2, 0, 0, 2, 2, 2, 1, 0, 1, 0, 2, 0, 2, 0, 2, 1, 2, 1, 2, 2, 2, 2, 1, 2, 0, 0, 2, 1, 1, 1, 0, 1, 0, 1, 0], [0, 0, 2, 2, 0, 2, 1, 2, 1, 2, 2, 0, 2, 0, 1, 0, 0, 0, 0, 1, 2, 0, 2, 2, 0, 2, 2, 0, 1, 0, 0, 0, 0, 2, 1, 2, 1, 0, 1, 0, 2, 0, 2, 1, 0, 0, 2, 2, 0, 0, 2, 1], [0, 2, 0, 2, 2, 1, 2, 2, 2, 0, 1, 2, 1, 0, 2, 0, 0, 1, 1, 1, 1, 2, 2, 1, 2, 1, 2, 1, 1, 0, 0, 2, 0, 2, 1, 0, 0, 1, 1, 1, 0, 2, 1, 0, 2, 1, 1, 1, 0, 0, 2, 2], [0, 1, 1, 0, 1, 1, 1, 0, 1, 0, 2, 1, 1, 0, 2, 0, 1, 0, 1, 2, 2, 0, 2, 2, 1, 0, 1, 2, 0, 2, 2, 2, 2, 2, 2, 0, 2, 2, 0, 2, 2, 0, 1, 0, 1, 2, 1, 2, 2, 1, 2, 2], [0, 0, 2, 0, 2, 0, 0, 1, 1, 2, 2, 0, 2, 1, 0, 0, 1, 1, 0, 0, 2, 0, 0, 0, 2, 0, 1, 1, 2, 0, 1, 0, 1, 1, 0, 2, 2, 1, 0, 0, 1, 1, 2, 2, 0, 2, 1, 2, 2, 0, 2, 1], [0, 0, 1, 2, 0, 2, 1, 0, 2, 1, 2, 2, 2, 2, 0, 1, 1, 2, 0, 0, 1, 0, 1, 1, 2, 2, 2, 2, 2, 2, 0, 1, 0, 2, 1, 2, 1, 1, 2, 0, 2, 2, 2, 1, 2, 0, 1, 0, 2, 0, 2, 1], [0, 2, 1, 0, 2, 2, 0, 2, 2, 1, 1, 0, 0, 2, 2, 2, 1, 2, 2, 1, 0, 2, 2, 0, 1, 0, 0, 1, 1, 1, 1, 2, 1, 0, 1, 1, 0, 1, 1, 0, 1, 2, 1, 1, 1, 0, 1, 0, 1, 1, 2, 2], [0, 1, 1, 2, 0, 2, 0, 1, 1, 2, 0, 2, 1, 0, 2, 0, 2, 0, 0, 0, 2, 0, 1, 0, 2, 2, 0, 2, 2, 1, 1, 2, 1, 2, 1, 0, 2, 0, 2, 1, 1, 2, 1, 0, 0, 0, 2, 2, 0, 2, 0, 1], [0, 2, 0, 1, 0, 0, 2, 1, 1, 2, 2, 2, 0, 2, 2, 2, 2, 2, 0, 1, 2, 1, 0, 1, 2, 0, 2, 0, 0, 0, 2, 0, 2, 2, 1, 1, 1, 2, 2, 1, 2, 1, 1, 1, 0, 1, 1, 0, 0, 1, 1, 0], [0, 1, 2, 1, 1, 2, 2, 2, 1, 1, 2, 0, 0, 2, 1, 2, 1, 2, 0, 1, 0, 0, 1, 0, 2, 2, 2, 2, 0, 1, 1, 2, 2, 0, 2, 1, 1, 0, 0, 1, 0, 0, 0, 2, 0, 0, 1, 0, 2, 0, 1, 1], [0, 1, 2, 2, 2, 1, 2, 1, 2, 2, 2, 0, 1, 1, 0, 0, 2, 1, 2, 2, 1, 2, 2, 2, 0, 1, 1, 2, 2, 1, 1, 0, 0, 2, 0, 1, 0, 0, 1, 2, 1, 2, 0, 1, 0, 1, 0, 1, 0, 1, 1, 1], [0, 2, 2, 0, 2, 1, 2, 2, 1, 0, 1, 1, 1, 2, 1, 2, 1, 0, 0, 2, 0, 2, 0, 2, 1, 0, 1, 2, 0, 2, 0, 2, 2, 0, 1, 1, 0, 1, 0, 1, 2, 1, 1, 2, 0, 1, 0, 0, 1, 2, 2, 1], [0, 1, 2, 2, 1, 2, 0, 2, 0, 0, 1, 1, 1, 2, 0, 2, 2, 1, 1, 2, 0, 0, 2, 2, 1, 1, 0, 2, 0, 2, 2, 1, 1, 2, 0, 2, 2, 1, 1, 0, 0, 2, 1, 1, 0, 1, 0, 2, 0, 1, 1, 2], [0, 2, 1, 2, 0, 1, 1, 0, 2, 1, 1, 0, 0, 1, 2, 0, 1, 2, 1, 2, 1, 2, 0, 2, 2, 2, 2, 0, 1, 1, 0, 2, 0, 1, 1, 2, 1, 0, 0, 0, 1, 2, 1, 1, 1, 0, 2, 1, 0, 2, 1, 2], [0, 1, 0, 0, 2, 2, 1, 2, 0, 2, 2, 1, 0, 2, 0, 1, 1, 0, 2, 2, 1, 2, 0, 0, 2, 0, 0, 1, 0, 0, 1, 1, 0, 0, 2, 2, 2, 2, 1, 0, 2, 2, 2, 2, 2, 0, 0, 1, 0, 0, 2, 1], [0, 2, 2, 1, 2, 0, 0, 2, 2, 0, 1, 1, 1, 1, 2, 0, 0, 2, 0, 2, 1, 1, 0, 1, 1, 2, 2, 1, 0, 0, 2, 0, 2, 2, 1, 2, 1, 0, 2, 0, 0, 1, 2, 0, 0, 1, 1, 0, 2, 0, 1, 2], [0, 1, 0, 0, 2, 0, 0, 0, 0, 2, 1, 2, 2, 2, 0, 0, 0, 2, 1, 0, 1, 1, 2, 1, 1, 0, 2, 0, 1, 2, 0, 1, 0, 0, 1, 0, 2, 2, 2, 1, 0, 1, 2, 2, 0, 1, 0, 0, 2, 2, 0, 1], [0, 0, 1, 1, 2, 0, 0, 0, 1, 1, 1, 0, 0, 1, 2, 0, 2, 2, 0, 1, 2, 2, 0, 2, 0, 2, 1, 2, 1, 0, 1, 0, 0, 1, 0, 1, 2, 1, 1, 2, 0, 1, 1, 0, 2, 0, 1, 1, 1, 1, 1, 1], [0, 1, 2, 0, 0, 0, 1, 1, 1, 1, 1, 1, 2, 1, 1, 0, 0, 2, 1, 0, 1, 1, 2, 2, 0, 2, 1, 0, 0, 2, 0, 0, 0, 1, 2, 2, 2, 1, 0, 2, 2, 0, 2, 2, 1, 0, 0, 1, 2, 0, 0, 2], [0, 1, 2, 0, 2, 0, 0, 1, 1, 0, 1, 1, 1, 1, 2, 2, 2, 2, 1, 2, 0, 2, 2, 0, 2, 0, 2, 1, 0, 2, 0, 1, 1, 0, 1, 1, 2, 0, 2, 0, 2, 1, 2, 1, 1, 0, 2, 2, 1, 1, 1, 0], [0, 0, 1, 1, 1, 1, 1, 1, 0, 2, 1, 1, 1, 1, 1, 1, 1, 2, 0, 1, 1, 1, 1, 2, 0, 1, 0, 1, 2, 1, 1, 0, 2, 1, 0, 2, 0, 0, 1, 2, 1, 1, 1, 1, 2, 1, 2, 1, 1, 0, 0, 0], [0, 1, 2, 0, 0, 2, 0, 2, 0, 1, 2, 2, 2, 1, 2, 2, 0, 0, 2, 2, 1, 0, 1, 1, 1, 1, 2, 2, 2, 2, 0, 1, 2, 1, 2, 0, 0, 1, 0, 0, 2, 2, 0, 0, 0, 1, 0, 2, 0, 2, 2, 1], [0, 2, 0, 2, 1, 2, 1, 1, 1, 2, 2, 2, 1, 2, 2, 1, 0, 2, 2, 1, 0, 2, 1, 1, 0, 0, 2, 1, 2, 1, 2, 2, 2, 2, 0, 0, 0, 1, 0, 1, 0, 1, 0, 1, 1, 0, 0, 0, 0, 0, 1, 0], [0, 2, 2, 2, 2, 2, 1, 1, 2, 2, 0, 1, 0, 2, 2, 0, 1, 2, 1, 1, 1, 0, 2, 0, 0, 1, 1, 0, 2, 0, 2, 1, 1, 0, 0, 1, 1, 0, 1, 0, 2, 1, 2, 0, 1, 0, 1, 2, 0, 0, 1, 2], [0, 0, 1, 1, 1, 1, 1, 1, 2, 1, 1, 0, 2, 1, 2, 1, 1, 0, 0, 2, 1, 2, 2, 0, 1, 0, 1, 0, 1, 2, 2, 1, 0, 2, 1, 0, 0, 1, 0, 1, 0, 1, 2, 2, 0, 1, 1, 1, 1, 2, 1, 2], [0, 1, 0, 2, 2, 2, 2, 0, 0, 2, 2, 1, 0, 2, 1, 0, 1, 2, 0, 0, 0, 1, 1, 1, 2, 1, 0, 0, 0, 0, 1, 2, 2, 0, 2, 0, 1, 0, 1, 0, 2, 0, 0, 1, 1, 1, 0, 1, 0, 2, 0, 1], [0, 1, 1, 2, 1, 2, 0, 1, 2, 0, 1, 1, 2, 0, 2, 2, 0, 2, 1, 2, 1, 1, 2, 0, 1, 2, 0, 1, 2, 0, 0, 0, 2, 2, 1, 2, 0, 2, 0, 2, 0, 2, 0, 0, 1, 0, 0, 0, 1, 1, 0, 2], [0, 0, 2, 2, 0, 2, 2, 1, 2, 0, 1, 1, 2, 1, 0, 0, 2, 0, 1, 2, 2, 2, 1, 0, 2, 1, 2, 2, 2, 1, 1, 1, 0, 1, 1, 2, 1, 1, 1, 0, 2, 0, 1, 1, 1, 2, 2, 0, 0, 2, 2, 0], [0, 1, 0, 2, 1, 0, 1, 1, 2, 2, 0, 0, 0, 1, 0, 2, 1, 1, 2, 2, 1, 1, 1, 0, 0, 1, 1, 1, 2, 2, 2, 1, 2, 2, 1, 0, 0, 2, 2, 0, 0, 1, 0, 1, 2, 1, 0, 2, 1, 2, 1, 2], [0, 2, 1, 2, 2, 0, 0, 0, 1, 1, 0, 2, 1, 1, 2, 1, 0, 0, 2, 1, 1, 0, 1, 2, 1, 2, 1, 1, 2, 0, 2, 0, 2, 1, 1, 0, 1, 0, 2, 1, 0, 1, 1, 0, 2, 1, 1, 1, 1, 2, 0, 0], [0, 2, 0, 2, 1, 2, 1, 2, 2, 1, 1, 1, 0, 1, 1, 0, 2, 1, 0, 2, 1, 0, 0, 0, 0, 0, 0, 1, 2, 0, 0, 2, 1, 1, 2, 0, 1, 1, 0, 1, 1, 1, 2, 2, 0, 2, 0, 0, 0, 1, 1, 0], [0, 0, 1, 0, 0, 0, 1, 0, 2, 2, 2, 1, 0, 0, 1, 0, 1, 2, 2, 0, 0, 0, 1, 0, 1, 1, 1, 0, 0, 1, 1, 0, 0, 0, 1, 1, 0, 0, 1, 1, 0, 2, 1, 1, 2, 0, 2, 1, 1, 0, 1, 1], [0, 1, 0, 0, 2, 0, 0, 0, 1, 2, 2, 0, 2, 0, 1, 2, 1, 1, 1, 1, 1, 2, 1, 1, 0, 0, 0, 2, 0, 1, 0, 1, 0, 2, 2, 0, 0, 1, 1, 0, 0, 2, 0, 1, 0, 2, 0, 1, 2, 2, 1, 1], [0, 2, 2, 2, 0, 0, 0, 1, 0, 2, 1, 1, 2, 2, 0, 2, 1, 2, 2, 0, 0, 2, 0, 0, 1, 0, 2, 1, 1, 0, 0, 1, 1, 2, 1, 2, 0, 2, 1, 1, 0, 0, 2, 1, 0, 1, 1, 0, 0, 1, 2, 2], [0, 1, 1, 2, 1, 2, 0, 2, 1, 1, 2, 0, 1, 0, 1, 0, 0, 2, 2, 2, 1, 0, 0, 2, 0, 1, 0, 0, 0, 2, 2, 1, 2, 1, 1, 0, 0, 0, 1, 0, 1, 0, 1, 1, 0, 1, 2, 0, 0, 2, 1, 2], [0, 1, 1, 0, 1, 1, 1, 0, 0, 0, 0, 1, 0, 1, 0, 0, 0, 1, 0, 0, 1, 2, 1, 0, 1, 2, 1, 2, 0, 0, 2, 1, 0, 1, 0, 2, 0, 0, 2, 2, 1, 2, 2, 2, 1, 0, 2, 1, 2, 0, 0, 2], [0, 2, 2, 1, 2, 1, 2, 1, 1, 1, 1, 1, 0, 2, 1, 2, 2, 2, 2, 2, 2, 0, 1, 1, 1, 2, 1, 1, 2, 1, 0, 1, 0, 1, 0, 2, 1, 1, 1, 0, 0, 2, 1, 0, 1, 1, 1, 2, 1, 0, 0, 0], [0, 0, 0, 0, 0, 0, 0, 0, 0, 0, 0, 0, 0, 0, 0, 0, 0, 0, 0, 0, 0, 0, 0, 0, 0, 0, 0, 0, 0, 0, 0, 0, 0, 0, 0, 0, 0, 0, 0, 0, 0, 0, 0, 0, 0, 0, 0, 0, 0, 0, 0, 0]], "dataset_name": "networks_2019", "demands": [0, 10, 30, 10, 10, 10, 20, 20, 20, 10, 10, 10, 20, 30, 10, 40, 40, 20, 20, 10, 10, 20, 20, 10, 10, 40, 10, 10, 20, 10, 10, 20, 30, 40, 20, 10, 10, 20, 30, 20, 10, 10, 20, 10, 10, 10, 30, 10, 10, 10, 10, 0], "digraph": {"arc_count": 2550, "arcs": [[0, 1, 1, 1, 1, 1, 1, 1, 1, 1, 1, 1, 1, 1, 1, 1, 1, 1, 1, 1, 1, 1, 1, 1, 1, 1, 1, 1, 1, 1, 1, 1, 1, 1, 1, 1, 1, 1, 1, 1, 1, 1, 1, 1, 1, 1, 1, 1, 1, 1, 1, 0], [0, 0, 1, 1, 1, 1, 1, 1, 1, 1, 1, 1, 1, 1, 1, 1, 1, 1, 1, 1, 1, 1, 1, 1, 1, 1, 1, 1, 1, 1, 1, 1, 1, 1, 1, 1, 1, 1, 1, 1, 1, 1, 1, 1, 1, 1, 1, 1, 1, 1, 1, 1], [0, 1, 0, 1, 1, 1, 1, 1, 1, 1, 1, 1, 1, 1, 1, 1, 1, 1, 1, 1, 1, 1, 1, 1, 1, 1, 1, 1, 1, 1, 1, 1, 1, 1, 1, 1, 1, 1, 1, 1, 1, 1, 1, 1, 1, 1, 1, 1, 1, 1, 1, 1], [0, 1, 1, 0, 1, 1, 1, 1, 1, 1, 1, 1, 1, 1, 1, 1, 1, 1, 1, 1, 1, 1, 1, 1, 1, 1, 1, 1, 1, 1, 1, 1, 1, 1, 1, 1, 1, 1, 1, 1, 1, 1, 1, 1, 1, 1, 1, 1, 1, 1, 1, 1], [0, 1, 1, 1, 0, 1, 1, 1, 1, 1, 1, 1, 1, 1, 1, 1, 1, 1, 1, 1, 1, 1, 1, 1, 1, 1, 1, 1, 1, 1, 1, 1, 1, 1, 1, 1, 1, 1, 1, 1, 1, 1, 1, 1, 1, 1, 1, 1, 1, 1, 1, 1], [0, 1, 1, 1, 1, 0, 1, 1, 1, 1, 1, 1, 1, 1, 1, 1, 1, 1, 1, 1, 1, 1, 1, 1, 1, 1, 1, 1, 1, 1, 1, 1, 1, 1, 1, 1, 1, 1, 1, 1, 1, 1, 1, 1, 1, 1, 1, 1, 1, 1, 1, 1], [0, 1, 1, 1, 1, 1, 0, 1, 1, 1, 1, 1, 1, 1, 1, 1, 1, 1, 1, 1, 1, 1, 1, 1, 1, 1, 1, 1, 1, 1, 1, 1, 1, 1, 1, 1, 1, 1, 1, 1, 1, 1, 1, 1, 1, 1, 1, 1, 1, 1, 1, 1], [0, 1, 1, 1, 1, 1, 1, 0, 1, 1, 1, 1, 1, 1, 1, 1, 1, 1, 1, 1, 1, 1, 1, 1, 1, 1, 1, 1, 1, 1, 1, 1, 1, 1, 1, 1, 1, 1, 1, 1, 1, 1, 1, 1, 1, 1, 1, 1, 1, 1, 1, 1], [0, 1, 1, 1, 1, 1, 1, 1, 0, 1, 1, 1, 1, 1, 1, 1, 1, 1, 1, 1, 1, 1, 1, 1, 1, 1, 1, 1, 1, 1, 1, 1, 1, 1, 1, 1, 1, 1, 1, 1, 1, 1, 1, 1, 1, 1, 1, 1, 1, 1, 1, 1], [0, 1, 1, 1, 1, 1, 1, 1, 1, 0, 1, 1, 1, 1, 1, 1, 1, 1, 1, 1, 1, 1, 1, 1, 1, 1, 1, 1, 1, 1, 1, 1, 1, 1, 1, 1, 1, 1, 1, 1, 1, 1, 1, 1, 1, 1, 1, 1, 1, 1, 1, 1], [0, 1, 1, 1, 1, 1, 1, 1, 1, 1, 0, 1, 1, 1, 1, 1, 1, 1, 1, 1, 1, 1, 1, 1, 1, 1, 1, 1, 1, 1, 1, 1, 1, 1, 1, 1, 1, 1, 1, 1, 1, 1, 1, 1, 1, 1, 1, 1, 1, 1, 1, 1], [0, 1, 1, 1, 1, 1, 1, 1, 1, 1, 1, 0, 1, 1, 1, 1, 1, 1, 1, 1, 1, 1, 1, 1, 1, 1, 1, 1, 1, 1, 1, 1, 1, 1, 1, 1, 1, 1, 1, 1, 1, 1, 1, 1, 1, 1, 1, 1, 1, 1, 1, 1], [0, 1, 1, 1, 1, 1, 1, 1, 1, 1, 1, 1, 0, 1, 1, 1, 1, 1, 1, 1, 1, 1, 1, 1, 1, 1, 1, 1, 1, 1, 1, 1, 1, 1, 1, 1, 1, 1, 1, 1, 1, 1, 1, 1, 1, 1, 1, 1, 1, 1, 1, 1], [0, 1, 1, 1, 1, 1, 1, 1, 1, 1, 1, 1, 1, 0, 1, 1, 1, 1, 1, 1, 1, 1, 1, 1, 1, 1, 1, 1, 1, 1, 1, 1, 1, 1, 1, 1, 1, 1, 1, 1, 1, 1, 1, 1, 1, 1, 1, 1, 1, 1, 1, 1], [0, 1, 1, 1, 1, 1, 1, 1, 1, 1, 1, 1, 1, 1, 0, 1, 1, 1, 1, 1, 1, 1, 1, 1, 1, 1, 1, 1, 1, 1, 1, 1, 1, 1, 1, 1, 1, 1, 1, 1, 1, 1, 1, 1, 1, 1, 1, 1, 1, 1, 1, 1], [0, 1, 1, 1, 1, 1, 1, 1, 1, 1, 1, 1, 1, 1, 1, 0, 1, 1, 1, 1, 1, 1, 1, 1, 1, 1, 1, 1, 1, 1, 1, 1, 1, 1, 1, 1, 1, 1, 1, 1, 1, 1, 1, 1, 1, 1, 1, 1, 1, 1, 1, 1], [0, 1, 1, 1, 1, 1, 1, 1, 1, 1, 1, 1, 1, 1, 1, 1, 0, 1, 1, 1, 1, 1, 1, 1, 1, 1, 1, 1, 1, 1, 1, 1, 1, 1, 1, 1, 1, 1, 1, 1, 1, 1, 1, 1, 1, 1, 1, 1, 1, 1, 1, 1], [0, 1, 1, 1, 1, 1, 1, 1, 1, 1, 1, 1, 1, 1, 1, 1, 1, 0, 1, 1, 1, 1, 1, 1, 1, 1, 1, 1, 1, 1, 1, 1, 1, 1, 1, 1, 1, 1, 1, 1, 1, 1, 1, 1, 1, 1, 1, 1, 1, 1, 1, 1], [0, 1, 1, 1, 1, 1, 1, 1, 1, 1, 1, 1, 1, 1, 1, 1, 1, 1, 0, 1, 1, 1, 1, 1, 1, 1, 1, 1, 1, 1, 1, 1, 1, 1, 1, 1, 1, 1, 1, 1, 1, 1, 1, 1, 1, 1, 1, 1, 1, 1, 1, 1], [0, 1, 1, 1, 1, 1, 1, 1, 1, 1, 1, 1, 1, 1, 1, 1, 1, 1, 1, 0, 1, 1, 1, 1, 1, 1, 1, 1, 1, 1, 1, 1, 1, 1, 1, 1, 1, 1, 1, 1, 1, 1, 1, 1, 1, 1, 1, 1, 1, 1, 1, 1], [0, 1, 1, 1, 1, 1, 1, 1, 1, 1, 1, 1, 1, 1, 1, 1, 1, 1, 1, 1, 0, 1, 1, 1, 1, 1, 1, 1, 1, 1, 1, 1, 1, 1, 1, 1, 1, 1, 1, 1, 1, 1, 1, 1, 1, 1, 1, 1, 1, 1, 1, 1], [0, 1, 1, 1, 1, 1, 1, 1, 1, 1, 1, 1, 1, 1, 1, 1, 1, 1, 1, 1, 1, 0, 1, 1, 1, 1, 1, 1, 1, 1, 1, 1, 1, 1, 1, 1, 1, 1, 1, 1, 1, 1, 1, 1, 1, 1, 1, 1, 1, 1, 1, 1], [0, 1, 1, 1, 1, 1, 1, 1, 1, 1, 1, 1, 1, 1, 1, 1, 1, 1, 1, 1, 1, 1, 0, 1, 1, 1, 1, 1, 1, 1, 1, 1, 1, 1, 1, 1, 1, 1, 1, 1, 1, 1, 1, 1, 1, 1, 1, 1, 1, 1, 1, 1], [0, 1, 1, 1, 1, 1, 1, 1, 1, 1, 1, 1, 1, 1, 1, 1, 1, 1, 1, 1, 1, 1, 1, 0, 1, 1, 1, 1, 1, 1, 1, 1, 1, 1, 1, 1, 1, 1, 1, 1, 1, 1, 1, 1, 1, 1, 1, 1, 1, 1, 1, 1], [0, 1, 1, 1, 1, 1, 1, 1, 1, 1, 1, 1, 1, 1, 1, 1, 1, 1, 1, 1, 1, 1, 1, 1, 0, 1, 1, 1, 1, 1, 1, 1, 1, 1, 1, 1, 1, 1, 1, 1, 1, 1, 1, 1, 1, 1, 1, 1, 1, 1, 1, 1], [0, 1, 1, 1, 1, 1, 1, 1, 1, 1, 1, 1, 1, 1, 1, 1, 1, 1, 1, 1, 1, 1, 1, 1, 1, 0, 1, 1, 1, 1, 1, 1, 1, 1, 1, 1, 1, 1, 1, 1, 1, 1, 1, 1, 1, 1, 1, 1, 1, 1, 1, 1], [0, 1, 1, 1, 1, 1, 1, 1, 1, 1, 1, 1, 1, 1, 1, 1, 1, 1, 1, 1, 1, 1, 1, 1, 1, 1, 0, 1, 1, 1, 1, 1, 1, 1, 1, 1, 1, 1, 1, 1, 1, 1, 1, 1, 1, 1, 1, 1, 1, 1, 1, 1], [0, 1, 1, 1, 1, 1, 1, 1, 1, 1, 1, 1, 1, 1, 1, 1, 1, 1, 1, 1, 1, 1, 1, 1, 1, 1, 1, 0, 1, 1, 1, 1, 1, 1, 1, 1, 1, 1, 1, 1, 1, 1, 1, 1, 1, 1, 1, 1, 1, 1, 1, 1], [0, 1, 1, 1, 1, 1, 1, 1, 1, 1, 1, 1, 1, 1, 1, 1, 1, 1, 1, 1, 1, 1, 1, 1, 1, 1, 1, 1, 0, 1, 1, 1, 1, 1, 1, 1, 1, 1, 1, 1, 1, 1, 1, 1, 1, 1, 1, 1, 1, 1, 1, 1], [0, 1, 1, 1, 1, 1, 1, 1, 1, 1, 1, 1, 1, 1, 1, 1, 1, 1, 1, 1, 1, 1, 1, 1, 1, 1, 1, 1, 1, 0, 1, 1, 1, 1, 1, 1, 1, 1, 1, 1, 1, 1, 1, 1, 1, 1, 1, 1, 1, 1, 1, 1], [0, 1, 1, 1, 1, 1, 1, 1, 1, 1, 1, 1, 1, 1, 1, 1, 1, 1, 1, 1, 1, 1, 1, 1, 1, 1, 1, 1, 1, 1, 0, 1, 1, 1, 1, 1, 1, 1, 1, 1, 1, 1, 1, 1, 1, 1, 1, 1, 1, 1, 1, 1], [0, 1, 1, 1, 1, 1, 1, 1, 1, 1, 1, 1, 1, 1, 1, 1, 1, 1, 1, 1, 1, 1, 1, 1, 1, 1, 1, 1, 1, 1, 1, 0, 1, 1, 1, 1, 1, 1, 1, 1, 1, 1, 1, 1, 1, 1, 1, 1, 1, 1, 1, 1], [0, 1, 1, 1, 1, 1, 1, 1, 1, 1, 1, 1, 1, 1, 1, 1, 1, 1, 1, 1, 1, 1, 1, 1, 1, 1, 1, 1, 1, 1, 1, 1, 0, 1, 1, 1, 1, 1, 1, 1, 1, 1, 1, 1, 1, 1, 1, 1, 1, 1, 1, 1], [0, 1, 1, 1, 1, 1, 1, 1, 1, 1, 1, 1, 1, 1, 1, 1, 1, 1, 1, 1, 1, 1, 1, 1, 1, 1, 1, 1, 1, 1, 1, 1, 1, 0, 1, 1, 1, 1, 1, 1, 1, 1, 1, 1, 1, 1, 1, 1, 1, 1, 1, 1], [0, 1, 1, 1, 1, 1, 1, 1, 1, 1, 1, 1, 1, 1, 1, 1, 1, 1, 1, 1, 1, 1, 1, 1, 1, 1, 1, 1, 1, 1, 1, 1, 1, 1, 0, 1, 1, 1, 1, 1, 1, 1, 1, 1, 1, 1, 1, 1, 1, 1, 1, 1], [0, 1, 1, 1, 1, 1, 1, 1, 1, 1, 1, 1, 1, 1, 1, 1, 1, 1, 1, 1, 1, 1, 1, 1, 1, 1, 1, 1, 1, 1, 1, 1, 1, 1, 1, 0, 1, 1, 1, 1, 1, 1, 1, 1, 1, 1, 1, 1, 1, 1, 1, 1], [0, 1, 1, 1, 1, 1, 1, 1, 1, 1, 1, 1, 1, 1, 1, 1, 1, 1, 1, 1, 1, 1, 1, 1, 1, 1, 1, 1, 1, 1, 1, 1, 1, 1, 1, 1, 0, 1, 1, 1, 1, 1, 1, 1, 1, 1, 1, 1, 1, 1, 1, 1], [0, 1, 1, 1, 1, 1, 1, 1, 1, 1, 1, 1, 1, 1, 1, 1, 1, 1, 1, 1, 1, 1, 1, 1, 1, 1, 1, 1, 1, 1, 1, 1, 1, 1, 1, 1, 1, 0, 1, 1, 1, 1, 1, 1, 1, 1, 1, 1, 1, 1, 1, 1], [0, 1, 1, 1, 1, 1, 1, 1, 1, 1, 1, 1, 1, 1, 1, 1, 1, 1, 1, 1, 1, 1, 1, 1, 1, 1, 1, 1, 1, 1, 1, 1, 1, 1, 1, 1, 1, 1, 0, 1, 1, 1, 1, 1, 1, 1, 1, 1, 1, 1, 1, 1], [0, 1, 1, 1, 1, 1, 1, 1, 1, 1, 1, 1, 1, 1, 1, 1, 1, 1, 1, 1, 1, 1, 1, 1, 1, 1, 1, 1, 1, 1, 1, 1, 1, 1, 1, 1, 1, 1, 1, 0, 1, 1, 1, 1, 1, 1, 1, 1, 1, 1, 1, 1], [0, 1, 1, 1, 1, 1, 1, 1, 1, 1, 1, 1, 1, 1, 1, 1, 1, 1, 1, 1, 1, 1, 1, 1, 1, 1, 1, 1, 1, 1, 1, 1, 1, 1, 1, 1, 1, 1, 1, 1, 0, 1, 1, 1, 1, 1, 1, 1, 1, 1, 1, 1], [0, 1, 1, 1, 1, 1, 1, 1, 1, 1, 1, 1, 1, 1, 1, 1, 1, 1, 1, 1, 1, 1, 1, 1, 1, 1, 1, 1, 1, 1, 1, 1, 1, 1, 1, 1, 1, 1, 1, 1, 1, 0, 1, 1, 1, 1, 1, 1, 1, 1, 1, 1], [0, 1, 1, 1, 1, 1, 1, 1, 1, 1, 1, 1, 1, 1, 1, 1, 1, 1, 1, 1, 1, 1, 1, 1, 1, 1, 1, 1, 1, 1, 1, 1, 1, 1, 1, 1, 1, 1, 1, 1, 1, 1, 0, 1, 1, 1, 1, 1, 1, 1, 1, 1], [0, 1, 1, 1, 1, 1, 1, 1, 1, 1, 1, 1, 1, 1, 1, 1, 1, 1, 1, 1, 1, 1, 1, 1, 1, 1, 1, 1, 1, 1, 1, 1, 1, 1, 1, 1, 1, 1, 1, 1, 1, 1, 1, 0, 1, 1, 1, 1, 1, 1, 1, 1], [0, 1, 1, 1, 1, 1, 1, 1, 1, 1, 1, 1, 1, 1, 1, 1, 1, 1, 1, 1, 1, 1, 1, 1, 1, 1, 1, 1, 1, 1, 1, 1, 1, 1, 1, 1, 1, 1, 1, 1, 1, 1, 1, 1, 0, 1, 1, 1, 1, 1, 1, 1], [0, 1, 1, 1, 1, 1, 1, 1, 1, 1, 1, 1, 1, 1, 1, 1, 1, 1, 1, 1, 1, 1, 1, 1, 1, 1, 1, 1, 1, 1, 1, 1, 1, 1, 1, 1, 1, 1, 1, 1, 1, 1, 1, 1, 1, 0, 1, 1, 1, 1, 1, 1], [0, 1, 1, 1, 1, 1, 1, 1, 1, 1, 1, 1, 1, 1, 1, 1, 1, 1, 1, 1, 1, 1, 1, 1, 1, 1, 1, 1, 1, 1, 1, 1, 1, 1, 1, 1, 1, 1, 1, 1, 1, 1, 1, 1, 1, 1, 0, 1, 1, 1, 1, 1], [0, 1, 1, 1, 1, 1, 1, 1, 1, 1, 1, 1, 1, 1, 1, 1, 1, 1, 1, 1, 1, 1, 1, 1, 1, 1, 1, 1, 1, 1, 1, 1, 1, 1, 1, 1, 1, 1, 1, 1, 1, 1, 1, 1, 1, 1, 1, 0, 1, 1, 1, 1], [0, 1, 1, 1, 1, 1, 1, 1, 1, 1, 1, 1, 1, 1, 1, 1, 1, 1, 1, 1, 1, 1, 1, 1, 1, 1, 1, 1, 1, 1, 1, 1, 1, 1, 1, 1, 1, 1, 1, 1, 1, 1, 1, 1, 1, 1, 1, 1, 0, 1, 1, 1], [0, 1, 1, 1, 1, 1, 1, 1, 1, 1, 1, 1, 1, 1, 1, 1, 1, 1, 1, 1, 1, 1, 1, 1, 1, 1, 1, 1, 1, 1, 1, 1, 1, 1, 1, 1, 1, 1, 1, 1, 1, 1, 1, 1, 1, 1, 1, 1, 1, 0, 1, 1], [0, 1, 1, 1, 1, 1, 1, 1, 1, 1, 1, 1, 1, 1, 1, 1, 1, 1, 1, 1, 1, 1, 1, 1, 1, 1, 1, 1, 1, 1, 1, 1, 1, 1, 1, 1, 1, 1, 1, 1, 1, 1, 1, 1, 1, 1, 1, 1, 1, 1, 0, 1], [0, 0, 0, 0, 0, 0, 0, 0, 0, 0, 0, 0, 0, 0, 0, 0, 0, 0, 0, 0, 0, 0, 0, 0, 0, 0, 0, 0, 0, 0, 0, 0, 0, 0, 0, 0, 0, 0, 0, 0, 0, 0, 0, 0, 0, 0, 0, 0, 0, 0, 0, 0]], "coordinates": [[40.0, 50.0], [45.0, 68.0], [45.0, 70.0], [42.0, 66.0], [42.0, 68.0], [42.0, 65.0], [40.0, 69.0], [40.0, 66.0], [38.0, 68.0], [38.0, 70.0], [35.0, 66.0], [35.0, 69.0], [25.0, 85.0], [22.0, 75.0], [22.0, 85.0], [20.0, 80.0], [20.0, 85.0], [18.0, 75.0], [15.0, 75.0], [15.0, 80.0], [30.0, 50.0], [30.0, 52.0], [28.0, 52.0], [28.0, 55.0], [25.0, 50.0], [25.0, 52.0], [25.0, 55.0], [23.0, 52.0], [23.0, 55.0], [20.0, 50.0], [20.0, 55.0], [10.0, 35.0], [10.0, 40.0], [8.0, 40.0], [8.0, 45.0], [5.0, 35.0], [5.0, 45.0], [2.0, 40.0], [0.0, 40.0], [0.0, 45.0], [35.0, 30.0], [35.0, 32.0], [33.0, 32.0], [33.0, 35.0], [32.0, 30.0], [30.0, 30.0], [30.0, 32.0], [30.0, 35.0], [28.0, 30.0], [28.0, 35.0], [26.0, 32.0], [40.0, 50.0]], "vertex_count": 52}, "distances": [[0.0, 186.0, 206.0, 161.0, 181.0, 151.0, 190.0, 160.0, 181.0, 200.0, 167.0, 196.0, 380.0, 308.0, 393.0, 360.0, 403.0, 333.0, 353.0, 390.0, 100.0, 101.0, 121.0, 130.0, 150.0, 151.0, 158.0, 171.0, 177.0, 200.0, 206.0, 335.0, 316.0, 335.0, 323.0, 380.0, 353.0, 392.0, 412.0, 403.0, 206.0, 186.0, 193.0, 165.0, 215.0, 223.0, 205.0, 180.0, 233.0, 192.0, 228.0, 0.0], [186.0, 0.0, 20.0, 36.0, 30.0, 42.0, 50.0, 53.0, 70.0, 72.0, 101.0, 100.0, 262.0, 240.0, 286.0, 277.0, 302.0, 278.0, 308.0, 323.0, 234.0, 219.0, 233.0, 214.0, 269.0, 256.0, 238.0, 272.0, 255.0, 308.0, 281.0, 481.0, 448.0, 464.0, 435.0, 518.0, 461.0, 513.0, 530.0, 505.0, 392.0, 373.0, 379.0, 351.0, 401.0, 408.0, 390.0, 362.0, 416.0, 371.0, 407.0, 186.0], [206.0, 20.0, 0.0, 50.0, 36.0, 58.0, 50.0, 64.0, 72.0, 70.0, 107.0, 100.0, 250.0, 235.0, 274.0, 269.0, 291.0, 274.0, 304.0, 316.0, 250.0, 234.0, 247.0, 226.0, 282.0, 269.0, 250.0, 284.0, 266.0, 320.0, 291.0, 494.0, 460.0, 476.0, 446.0, 531.0, 471.0, 524.0, 540.0, 514.0, 412.0, 392.0, 398.0, 370.0, 420.0, 427.0, 408.0, 380.0, 434.0, 389.0, 424.0, 206.0], [161.0, 36.0, 50.0, 0.0, 20.0, 10.0, 36.0, 20.0, 44.0, 56.0, 70.0, 76.0, 254.0, 219.0, 275.0, 260.0, 290.0, 256.0, 284.0, 304.0, 200.0, 184.0, 197.0, 178.0, 233.0, 220.0, 202.0, 236.0, 219.0, 272.0, 245.0, 445.0, 412.0, 428.0, 399.0, 482.0, 425.0, 477.0, 493.0, 469.0, 366.0, 347.0, 351.0, 322.0, 373.0, 379.0, 360.0, 332.0, 386.0, 340.0, 375.0, 161.0], [181.0, 30.0, 36.0, 20.0, 0.0, 30.0, 22.0, 28.0, 40.0, 44.0, 72.0, 70.0, 240.0, 211.0, 262.0, 250.0, 278.0, 250.0, 278.0, 295.0, 216.0, 200.0, 212.0, 191.0, 247.0, 233.0, 214.0, 248.0, 230.0, 284.0, 255.0, 459.0, 425.0, 440.0, 410.0, 495.0, 435.0, 488.0, 504.0, 478.0, 386.0, 366.0, 371.0, 342.0, 392.0, 398.0, 379.0, 351.0, 404.0, 358.0, 393.0, 181.0], [151.0, 42.0, 58.0, 10.0, 30.0, 0.0, 44.0, 22.0, 50.0, 64.0, 70.0, 80.0, 262.0, 223.0, 282.0, 266.0, 297.0, 260.0, 287.0, 308.0, 192.0, 176.0, 191.0, 172.0, 226.0, 214.0, 197.0, 230.0, 214.0, 266.0, 241.0, 438.0, 406.0, 422.0, 394.0, 476.0, 420.0, 471.0, 488.0, 465.0, 356.0, 337.0, 342.0, 313.0, 364.0, 370.0, 351.0, 323.0, 376.0, 331.0, 366.0, 151.0], [190.0, 50.0, 50.0, 36.0, 22.0, 44.0, 0.0, 30.0, 22.0, 22.0, 58.0, 50.0, 219.0, 189.0, 240.0, 228.0, 256.0, 228.0, 257.0, 273.0, 214.0, 197.0, 208.0, 184.0, 242.0, 226.0, 205.0, 240.0, 220.0, 275.0, 244.0, 453.0, 417.0, 431.0, 400.0, 487.0, 424.0, 478.0, 494.0, 466.0, 393.0, 373.0, 376.0, 347.0, 398.0, 402.0, 383.0, 354.0, 408.0, 360.0, 395.0, 190.0], [160.0, 53.0, 64.0, 20.0, 28.0, 22.0, 30.0, 0.0, 28.0, 44.0, 50.0, 58.0, 242.0, 201.0, 261.0, 244.0, 275.0, 237.0, 265.0, 286.0, 188.0, 172.0, 184.0, 162.0, 219.0, 205.0, 186.0, 220.0, 202.0, 256.0, 228.0, 431.0, 396.0, 412.0, 382.0, 467.0, 408.0, 460.0, 477.0, 451.0, 363.0, 343.0, 347.0, 317.0, 368.0, 373.0, 354.0, 325.0, 379.0, 332.0, 367.0, 160.0], [181.0, 70.0, 72.0, 44.0, 40.0, 50.0, 22.0, 28.0, 0.0, 20.0, 36.0, 31.0, 214.0, 174.0, 233.0, 216.0, 247.0, 211.0, 240.0, 259.0, 196.0, 178.0, 188.0, 164.0, 222.0, 206.0, 183.0, 219.0, 198.0, 254.0, 222.0, 432.0, 395.0, 410.0, 378.0, 466.0, 402.0, 456.0, 472.0, 444.0, 381.0, 361.0, 363.0, 333.0, 384.0, 388.0, 368.0, 339.0, 392.0, 344.0, 379.0, 181.0], [200.0, 72.0, 70.0, 56.0, 44.0, 64.0, 22.0, 44.0, 20.0, 0.0, 50.0, 31.0, 198.0, 167.0, 219.0, 205.0, 234.0, 206.0, 235.0, 250.0, 215.0, 196.0, 205.0, 180.0, 238.0, 222.0, 198.0, 234.0, 212.0, 269.0, 234.0, 448.0, 410.0, 424.0, 390.0, 481.0, 414.0, 468.0, 484.0, 454.0, 401.0, 381.0, 383.0, 353.0, 404.0, 407.0, 388.0, 359.0, 412.0, 364.0, 398.0, 200.0], [167.0, 101.0, 107.0, 70.0, 72.0, 70.0, 58.0, 50.0, 36.0, 50.0, 0.0, 30.0, 214.0, 158.0, 230.0, 205.0, 242.0, 192.0, 219.0, 244.0, 167.0, 148.0, 156.0, 130.0, 188.0, 172.0, 148.0, 184.0, 162.0, 219.0, 186.0, 398.0, 360.0, 374.0, 342.0, 431.0, 366.0, 420.0, 436.0, 408.0, 360.0, 340.0, 340.0, 310.0, 361.0, 363.0, 343.0, 314.0, 366.0, 317.0, 351.0, 167.0], [196.0, 100.0, 100.0, 76.0, 70.0, 80.0, 50.0, 58.0, 31.0, 31.0, 30.0, 0.0, 188.0, 143.0, 206.0, 186.0, 219.0, 180.0, 208.0, 228.0, 196.0, 177.0, 183.0, 156.0, 214.0, 197.0, 172.0, 208.0, 184.0, 242.0, 205.0, 422.0, 382.0, 396.0, 361.0, 453.0, 384.0, 439.0, 454.0, 424.0, 390.0, 370.0, 370.0, 340.0, 391.0, 393.0, 373.0, 343.0, 396.0, 347.0, 380.0, 196.0], [380.0, 262.0, 250.0, 254.0, 240.0, 262.0, 219.0, 242.0, 214.0, 198.0, 214.0, 188.0, 0.0, 104.0, 30.0, 70.0, 50.0, 122.0, 141.0, 111.0, 353.0, 333.0, 331.0, 301.0, 350.0, 330.0, 300.0, 330.0, 300.0, 353.0, 304.0, 522.0, 474.0, 481.0, 434.0, 538.0, 447.0, 505.0, 514.0, 471.0, 559.0, 539.0, 536.0, 506.0, 554.0, 552.0, 532.0, 502.0, 550.0, 500.0, 530.0, 380.0], [308.0, 240.0, 235.0, 219.0, 211.0, 223.0, 189.0, 201.0, 174.0, 167.0, 158.0, 143.0, 104.0, 0.0, 100.0, 53.0, 101.0, 40.0, 70.0, 86.0, 262.0, 243.0, 237.0, 208.0, 251.0, 231.0, 202.0, 230.0, 200.0, 250.0, 200.0, 417.0, 370.0, 376.0, 331.0, 434.0, 344.0, 403.0, 413.0, 372.0, 468.0, 449.0, 443.0, 414.0, 460.0, 457.0, 437.0, 407.0, 453.0, 404.0, 431.0, 308.0], [393.0, 286.0, 274.0, 275.0, 262.0, 282.0, 240.0, 261.0, 233.0, 219.0, 230.0, 206.0, 30.0, 100.0, 0.0, 53.0, 20.0, 107.0, 122.0, 86.0, 359.0, 339.0, 335.0, 305.0, 351.0, 331.0, 301.0, 330.0, 300.0, 350.0, 300.0, 514.0, 465.0, 471.0, 423.0, 528.0, 434.0, 492.0, 500.0, 456.0, 565.0, 545.0, 541.0, 511.0, 559.0, 555.0, 536.0, 506.0, 553.0, 503.0, 531.0, 393.0], [360.0, 277.0, 269.0, 260.0, 250.0, 266.0, 228.0, 244.0, 216.0, 205.0, 205.0, 186.0, 70.0, 53.0, 53.0, 0.0, 50.0, 53.0, 70.0, 50.0, 316.0, 297.0, 291.0, 262.0, 304.0, 284.0, 254.0, 281.0, 251.0, 300.0, 250.0, 460.0, 412.0, 417.0, 370.0, 474.0, 380.0, 438.0, 447.0, 403.0, 522.0, 502.0, 497.0, 468.0, 514.0, 509.0, 490.0, 460.0, 506.0, 457.0, 483.0, 360.0], [403.0, 302.0, 291.0, 290.0, 278.0, 297.0, 256.0, 275.0, 247.0, 234.0, 242.0, 219.0, 50.0, 101.0, 20.0, 50.0, 0.0, 101.0, 111.0, 70.0, 364.0, 344.0, 339.0, 310.0, 353.0, 333.0, 304.0, 331.0, 301.0, 350.0, 300.0, 509.0, 460.0, 465.0, 417.0, 522.0, 427.0, 484.0, 492.0, 447.0, 570.0, 550.0, 545.0, 516.0, 562.0, 559.0, 539.0, 509.0, 555.0, 506.0, 533.0, 403.0], [333.0, 278.0, 274.0, 256.0, 250.0, 260.0, 228.0, 237.0, 211.0, 206.0, 192.0, 180.0, 122.0, 40.0, 107.0, 53.0, 101.0, 0.0, 30.0, 58.0, 277.0, 259.0, 250.0, 223.0, 259.0, 240.0, 211.0, 235.0, 206.0, 250.0, 200.0, 407.0, 359.0, 364.0, 316.0, 420.0, 326.0, 384.0, 393.0, 349.0, 481.0, 462.0, 455.0, 427.0, 471.0, 465.0, 446.0, 417.0, 460.0, 412.0, 437.0, 333.0], [353.0, 308.0, 304.0, 284.0, 278.0, 287.0, 257.0, 265.0, 240.0, 235.0, 219.0, 208.0, 141.0, 70.0, 122.0, 70.0, 111.0, 30.0, 0.0, 50.0, 291.0, 274.0, 264.0, 238.0, 269.0, 250.0, 223.0, 243.0, 215.0, 254.0, 206.0, 403.0, 353.0, 356.0, 308.0, 412.0, 316.0, 373.0, 380.0, 335.0, 492.0, 474.0, 466.0, 438.0, 481.0, 474.0, 455.0, 427.0, 468.0, 420.0, 443.0, 353.0], [390.0, 323.0, 316.0, 304.0, 295.0, 308.0, 273.0, 286.0, 259.0, 250.0, 244.0, 228.0, 111.0, 86.0, 86.0, 50.0, 70.0, 58.0, 50.0, 0.0, 335.0, 317.0, 308.0, 281.0, 316.0, 297.0, 269.0, 291.0, 262.0, 304.0, 254.0, 452.0, 403.0, 406.0, 356.0, 460.0, 364.0, 420.0, 427.0, 380.0, 538.0, 520.0, 512.0, 484.0, 528.0, 522.0, 502.0, 474.0, 516.0, 468.0, 492.0, 390.0], [100.0, 234.0, 250.0, 200.0, 216.0, 192.0, 214.0, 188.0, 196.0, 215.0, 167.0, 196.0, 353.0, 262.0, 359.0, 316.0, 364.0, 277.0, 291.0, 335.0, 0.0, 20.0, 28.0, 53.0, 50.0, 53.0, 70.0, 72.0, 86.0, 100.0, 111.0, 250.0, 223.0, 241.0, 225.0, 291.0, 254.0, 297.0, 316.0, 304.0, 206.0, 186.0, 182.0, 152.0, 200.0, 200.0, 180.0, 150.0, 200.0, 151.0, 184.0, 100.0], [101.0, 219.0, 234.0, 184.0, 200.0, 176.0, 197.0, 172.0, 178.0, 196.0, 148.0, 177.0, 333.0, 243.0, 339.0, 297.0, 344.0, 259.0, 274.0, 317.0, 20.0, 0.0, 20.0, 36.0, 53.0, 50.0, 58.0, 70.0, 76.0, 101.0, 104.0, 262.0, 233.0, 250.0, 230.0, 302.0, 259.0, 304.0, 323.0, 308.0, 225.0, 206.0, 202.0, 172.0, 220.0, 220.0, 200.0, 170.0, 220.0, 171.0, 203.0, 101.0], [121.0, 233.0, 247.0, 197.0, 212.0, 191.0, 208.0, 184.0, 188.0, 205.0, 156.0, 183.0, 331.0, 237.0, 335.0, 291.0, 339.0, 250.0, 264.0, 308.0, 28.0, 20.0, 0.0, 30.0, 36.0, 30.0, 42.0, 50.0, 58.0, 82.0, 85.0, 247.0, 216.0, 233.0, 211.0, 286.0, 240.0, 286.0, 304.0, 288.0, 230.0, 211.0, 206.0, 177.0, 223.0, 220.0, 200.0, 171.0, 220.0, 170.0, 200.0, 121.0], [130.0, 214.0, 226.0, 178.0, 191.0, 172.0, 184.0, 162.0, 164.0, 180.0, 130.0, 156.0, 301.0, 208.0, 305.0, 262.0, 310.0, 223.0, 238.0, 281.0, 53.0, 36.0, 30.0, 0.0, 58.0, 42.0, 30.0, 58.0, 50.0, 94.0, 80.0, 269.0, 234.0, 250.0, 223.0, 304.0, 250.0, 300.0, 317.0, 297.0, 259.0, 240.0, 235.0, 206.0, 253.0, 250.0, 230.0, 200.0, 250.0, 200.0, 230.0, 130.0], [150.0, 269.0, 282.0, 233.0, 247.0, 226.0, 242.0, 219.0, 222.0, 238.0, 188.0, 214.0, 350.0, 251.0, 351.0, 304.0, 353.0, 259.0, 269.0, 316.0, 50.0, 53.0, 36.0, 58.0, 0.0, 20.0, 50.0, 28.0, 53.0, 50.0, 70.0, 212.0, 180.0, 197.0, 177.0, 250.0, 206.0, 250.0, 269.0, 254.0, 223.0, 205.0, 196.0, 170.0, 211.0, 206.0, 186.0, 158.0, 202.0, 152.0, 180.0, 150.0], [151.0, 256.0, 269.0, 220.0, 233.0, 214.0, 226.0, 205.0, 206.0, 222.0, 172.0, 197.0, 330.0, 231.0, 331.0, 284.0, 333.0, 240.0, 250.0, 297.0, 53.0, 50.0, 30.0, 42.0, 20.0, 0.0, 30.0, 20.0, 36.0, 53.0, 58.0, 226.0, 192.0, 208.0, 183.0, 262.0, 211.0, 259.0, 277.0, 259.0, 241.0, 223.0, 215.0, 187.0, 230.0, 225.0, 206.0, 177.0, 222.0, 172.0, 200.0, 151.0], [158.0, 238.0, 250.0, 202.0, 214.0, 197.0, 205.0, 186.0, 183.0, 198.0, 148.0, 172.0, 300.0, 202.0, 301.0, 254.0, 304.0, 211.0, 223.0, 269.0, 70.0, 58.0, 42.0, 30.0, 50.0, 30.0, 0.0, 36.0, 20.0, 70.0, 50.0, 250.0, 212.0, 226.0, 197.0, 282.0, 223.0, 274.0, 291.0, 269.0, 269.0, 250.0, 243.0, 215.0, 259.0, 254.0, 235.0, 206.0, 251.0, 202.0, 230.0, 158.0], [171.0, 272.0, 284.0, 236.0, 248.0, 230.0, 240.0, 220.0, 219.0, 234.0, 184.0, 208.0, 330.0, 230.0, 330.0, 281.0, 331.0, 235.0, 243.0, 291.0, 72.0, 70.0, 50.0, 58.0, 28.0, 20.0, 36.0, 0.0, 30.0, 36.0, 42.0, 214.0, 176.0, 192.0, 165.0, 247.0, 193.0, 241.0, 259.0, 240.0, 250.0, 233.0, 223.0, 197.0, 237.0, 230.0, 211.0, 183.0, 225.0, 177.0, 202.0, 171.0], [177.0, 255.0, 266.0, 219.0, 230.0, 214.0, 220.0, 202.0, 198.0, 212.0, 162.0, 184.0, 300.0, 200.0, 300.0, 251.0, 301.0, 206.0, 215.0, 262.0, 86.0, 76.0, 58.0, 50.0, 53.0, 36.0, 20.0, 30.0, 0.0, 58.0, 30.0, 238.0, 198.0, 212.0, 180.0, 269.0, 205.0, 258.0, 274.0, 250.0, 277.0, 259.0, 250.0, 223.0, 265.0, 259.0, 240.0, 211.0, 254.0, 206.0, 231.0, 177.0], [200.0, 308.0, 320.0, 272.0, 284.0, 266.0, 275.0, 256.0, 254.0, 269.0, 219.0, 242.0, 353.0, 250.0, 350.0, 300.0, 350.0, 250.0, 254.0, 304.0, 100.0, 101.0, 82.0, 94.0, 50.0, 53.0, 70.0, 36.0, 58.0, 0.0, 50.0, 180.0, 141.0, 156.0, 130.0, 212.0, 158.0, 205.0, 223.0, 206.0, 250.0, 234.0, 222.0, 198.0, 233.0, 223.0, 205.0, 180.0, 215.0, 170.0, 189.0, 200.0], [206.0, 281.0, 291.0, 245.0, 255.0, 241.0, 244.0, 228.0, 222.0, 234.0, 186.0, 205.0, 304.0, 200.0, 300.0, 250.0, 300.0, 200.0, 206.0, 254.0, 111.0, 104.0, 85.0, 80.0, 70.0, 58.0, 50.0, 42.0, 30.0, 50.0, 0.0, 223.0, 180.0, 192.0, 156.0, 250.0, 180.0, 234.0, 250.0, 223.0, 291.0, 274.0, 264.0, 238.0, 277.0, 269.0, 250.0, 223.0, 262.0, 215.0, 237.0, 206.0], [335.0, 481.0, 494.0, 445.0, 459.0, 438.0, 453.0, 431.0, 432.0, 448.0, 398.0, 422.0, 522.0, 417.0, 514.0, 460.0, 509.0, 407.0, 403.0, 452.0, 250.0, 262.0, 247.0, 269.0, 212.0, 226.0, 250.0, 214.0, 238.0, 180.0, 223.0, 0.0, 50.0, 53.0, 101.0, 50.0, 111.0, 94.0, 111.0, 141.0, 254.0, 251.0, 231.0, 230.0, 225.0, 206.0, 202.0, 200.0, 186.0, 180.0, 162.0, 335.0], [316.0, 448.0, 460.0, 412.0, 425.0, 406.0, 417.0, 396.0, 395.0, 410.0, 360.0, 382.0, 474.0, 370.0, 465.0, 412.0, 460.0, 359.0, 353.0, 403.0, 223.0, 233.0, 216.0, 234.0, 180.0, 192.0, 212.0, 176.0, 198.0, 141.0, 180.0, 50.0, 0.0, 20.0, 53.0, 70.0, 70.0, 80.0, 100.0, 111.0, 269.0, 262.0, 243.0, 235.0, 241.0, 223.0, 215.0, 206.0, 205.0, 186.0, 178.0, 316.0], [335.0, 464.0, 476.0, 428.0, 440.0, 422.0, 431.0, 412.0, 410.0, 424.0, 374.0, 396.0, 481.0, 376.0, 471.0, 417.0, 465.0, 364.0, 356.0, 406.0, 241.0, 250.0, 233.0, 250.0, 197.0, 208.0, 226.0, 192.0, 212.0, 156.0, 192.0, 53.0, 20.0, 0.0, 50.0, 58.0, 58.0, 60.0, 80.0, 94.0, 287.0, 281.0, 262.0, 254.0, 260.0, 241.0, 234.0, 225.0, 223.0, 206.0, 196.0, 335.0], [323.0, 435.0, 446.0, 399.0, 410.0, 394.0, 400.0, 382.0, 378.0, 390.0, 342.0, 361.0, 434.0, 331.0, 423.0, 370.0, 417.0, 316.0, 308.0, 356.0, 225.0, 230.0, 211.0, 223.0, 177.0, 183.0, 197.0, 165.0, 180.0, 130.0, 156.0, 101.0, 53.0, 50.0, 0.0, 104.0, 30.0, 78.0, 94.0, 80.0, 308.0, 299.0, 281.0, 269.0, 283.0, 266.0, 255.0, 241.0, 250.0, 223.0, 222.0, 323.0], [380.0, 518.0, 531.0, 482.0, 495.0, 476.0, 487.0, 467.0, 466.0, 481.0, 431.0, 453.0, 538.0, 434.0, 528.0, 474.0, 522.0, 420.0, 412.0, 460.0, 291.0, 302.0, 286.0, 304.0, 250.0, 262.0, 282.0, 247.0, 269.0, 212.0, 250.0, 50.0, 70.0, 58.0, 104.0, 0.0, 100.0, 58.0, 70.0, 111.0, 304.0, 301.0, 281.0, 280.0, 274.0, 254.0, 251.0, 250.0, 235.0, 230.0, 212.0, 380.0], [353.0, 461.0, 471.0, 425.0, 435.0, 420.0, 424.0, 408.0, 402.0, 414.0, 366.0, 384.0, 447.0, 344.0, 434.0, 380.0, 427.0, 326.0, 316.0, 364.0, 254.0, 259.0, 240.0, 250.0, 206.0, 211.0, 223.0, 193.0, 205.0, 158.0, 180.0, 111.0, 70.0, 58.0, 30.0, 100.0, 0.0, 58.0, 70.0, 50.0, 335.0, 326.0, 308.0, 297.0, 308.0, 291.0, 281.0, 269.0, 274.0, 250.0, 246.0, 353.0], [392.0, 513.0, 524.0, 477.0, 488.0, 471.0, 478.0, 460.0, 456.0, 468.0, 420.0, 439.0, 505.0, 403.0, 492.0, 438.0, 484.0, 384.0, 373.0, 420.0, 297.0, 304.0, 286.0, 300.0, 250.0, 259.0, 274.0, 241.0, 258.0, 205.0, 234.0, 94.0, 80.0, 60.0, 78.0, 58.0, 58.0, 0.0, 20.0, 53.0, 344.0, 339.0, 320.0, 314.0, 316.0, 297.0, 291.0, 284.0, 278.0, 264.0, 252.0, 392.0], [412.0, 530.0, 540.0, 493.0, 504.0, 488.0, 494.0, 477.0, 472.0, 484.0, 436.0, 454.0, 514.0, 413.0, 500.0, 447.0, 492.0, 393.0, 380.0, 427.0, 316.0, 323.0, 304.0, 317.0, 269.0, 277.0, 291.0, 259.0, 274.0, 223.0, 250.0, 111.0, 100.0, 80.0, 94.0, 70.0, 70.0, 20.0, 0.0, 50.0, 364.0, 359.0, 339.0, 333.0, 335.0, 316.0, 310.0, 304.0, 297.0, 284.0, 272.0, 412.0], [403.0, 505.0, 514.0, 469.0, 478.0, 465.0, 466.0, 451.0, 444.0, 454.0, 408.0, 424.0, 471.0, 372.0, 456.0, 403.0, 447.0, 349.0, 335.0, 380.0, 304.0, 308.0, 288.0, 297.0, 254.0, 259.0, 269.0, 240.0, 250.0, 206.0, 223.0, 141.0, 111.0, 94.0, 80.0, 111.0, 50.0, 53.0, 50.0, 0.0, 380.0, 373.0, 354.0, 344.0, 353.0, 335.0, 326.0, 316.0, 317.0, 297.0, 290.0, 403.0], [206.0, 392.0, 412.0, 366.0, 386.0, 356.0, 393.0, 363.0, 381.0, 401.0, 360.0, 390.0, 559.0, 468.0, 565.0, 522.0, 570.0, 481.0, 492.0, 538.0, 206.0, 225.0, 230.0, 259.0, 223.0, 241.0, 269.0, 250.0, 277.0, 250.0, 291.0, 254.0, 269.0, 287.0, 308.0, 304.0, 335.0, 344.0, 364.0, 380.0, 0.0, 20.0, 28.0, 53.0, 30.0, 50.0, 53.0, 70.0, 70.0, 86.0, 92.0, 206.0], [186.0, 373.0, 392.0, 347.0, 366.0, 337.0, 373.0, 343.0, 361.0, 381.0, 340.0, 370.0, 539.0, 449.0, 545.0, 502.0, 550.0, 462.0, 474.0, 520.0, 186.0, 206.0, 211.0, 240.0, 205.0, 223.0, 250.0, 233.0, 259.0, 234.0, 274.0, 251.0, 262.0, 281.0, 299.0, 301.0, 326.0, 339.0, 359.0, 373.0, 20.0, 0.0, 20.0, 36.0, 36.0, 53.0, 50.0, 58.0, 72.0, 76.0, 90.0, 186.0], [193.0, 379.0, 398.0, 351.0, 371.0, 342.0, 376.0, 347.0, 363.0, 383.0, 340.0, 370.0, 536.0, 443.0, 541.0, 497.0, 545.0, 455.0, 466.0, 512.0, 182.0, 202.0, 206.0, 235.0, 196.0, 215.0, 243.0, 223.0, 250.0, 222.0, 264.0, 231.0, 243.0, 262.0, 281.0, 281.0, 308.0, 320.0, 339.0, 354.0, 28.0, 20.0, 0.0, 30.0, 22.0, 36.0, 30.0, 42.0, 53.0, 58.0, 70.0, 193.0], [165.0, 351.0, 370.0, 322.0, 342.0, 313.0, 347.0, 317.0, 333.0, 353.0, 310.0, 340.0, 506.0, 414.0, 511.0, 468.0, 516.0, 427.0, 438.0, 484.0, 152.0, 172.0, 177.0, 206.0, 170.0, 187.0, 215.0, 197.0, 223.0, 198.0, 238.0, 230.0, 235.0, 254.0, 269.0, 280.0, 297.0, 314.0, 333.0, 344.0, 53.0, 36.0, 30.0, 0.0, 50.0, 58.0, 42.0, 30.0, 70.0, 50.0, 76.0, 165.0], [215.0, 401.0, 420.0, 373.0, 392.0, 364.0, 398.0, 368.0, 384.0, 404.0, 361.0, 391.0, 554.0, 460.0, 559.0, 514.0, 562.0, 471.0, 481.0, 528.0, 200.0, 220.0, 223.0, 253.0, 211.0, 230.0, 259.0, 237.0, 265.0, 233.0, 277.0, 225.0, 241.0, 260.0, 283.0, 274.0, 308.0, 316.0, 335.0, 353.0, 30.0, 36.0, 22.0, 50.0, 0.0, 20.0, 28.0, 53.0, 40.0, 64.0, 63.0, 215.0], [223.0, 408.0, 427.0, 379.0, 398.0, 370.0, 402.0, 373.0, 388.0, 407.0, 363.0, 393.0, 552.0, 457.0, 555.0, 509.0, 559.0, 465.0, 474.0, 522.0, 200.0, 220.0, 220.0, 250.0, 206.0, 225.0, 254.0, 230.0, 259.0, 223.0, 269.0, 206.0, 223.0, 241.0, 266.0, 254.0, 291.0, 297.0, 316.0, 335.0, 50.0, 53.0, 36.0, 58.0, 20.0, 0.0, 20.0, 50.0, 20.0, 53.0, 44.0, 223.0], [205.0, 390.0, 408.0, 360.0, 379.0, 351.0, 383.0, 354.0, 368.0, 388.0, 343.0, 373.0, 532.0, 437.0, 536.0, 490.0, 539.0, 446.0, 455.0, 502.0, 180.0, 200.0, 200.0, 230.0, 186.0, 206.0, 235.0, 211.0, 240.0, 205.0, 250.0, 202.0, 215.0, 234.0, 255.0, 251.0, 281.0, 291.0, 310.0, 326.0, 53.0, 50.0, 30.0, 42.0, 28.0, 20.0, 0.0, 30.0, 28.0, 36.0, 40.0, 205.0], [180.0, 362.0, 380.0, 332.0, 351.0, 323.0, 354.0, 325.0, 339.0, 359.0, 314.0, 343.0, 502.0, 407.0, 506.0, 460.0, 509.0, 417.0, 427.0, 474.0, 150.0, 170.0, 171.0, 200.0, 158.0, 177.0, 206.0, 183.0, 211.0, 180.0, 223.0, 200.0, 206.0, 225.0, 241.0, 250.0, 269.0, 284.0, 304.0, 316.0, 70.0, 58.0, 42.0, 30.0, 53.0, 50.0, 30.0, 0.0, 53.0, 20.0, 50.0, 180.0], [233.0, 416.0, 434.0, 386.0, 404.0, 376.0, 408.0, 379.0, 392.0, 412.0, 366.0, 396.0, 550.0, 453.0, 553.0, 506.0, 555.0, 460.0, 468.0, 516.0, 200.0, 220.0, 220.0, 250.0, 202.0, 222.0, 251.0, 225.0, 254.0, 215.0, 262.0, 186.0, 205.0, 223.0, 250.0, 235.0, 274.0, 278.0, 297.0, 317.0, 70.0, 72.0, 53.0, 70.0, 40.0, 20.0, 28.0, 53.0, 0.0, 50.0, 28.0, 233.0], [192.0, 371.0, 389.0, 340.0, 358.0, 331.0, 360.0, 332.0, 344.0, 364.0, 317.0, 347.0, 500.0, 404.0, 503.0, 457.0, 506.0, 412.0, 420.0, 468.0, 151.0, 171.0, 170.0, 200.0, 152.0, 172.0, 202.0, 177.0, 206.0, 170.0, 215.0, 180.0, 186.0, 206.0, 223.0, 230.0, 250.0, 264.0, 284.0, 297.0, 86.0, 76.0, 58.0, 50.0, 64.0, 53.0, 36.0, 20.0, 50.0, 0.0, 36.0, 192.0], [228.0, 407.0, 424.0, 375.0, 393.0, 366.0, 395.0, 367.0, 379.0, 398.0, 351.0, 380.0, 530.0, 431.0, 531.0, 483.0, 533.0, 437.0, 443.0, 492.0, 184.0, 203.0, 200.0, 230.0, 180.0, 200.0, 230.0, 202.0, 231.0, 189.0, 237.0, 162.0, 178.0, 196.0, 222.0, 212.0, 246.0, 252.0, 272.0, 290.0, 92.0, 90.0, 70.0, 76.0, 63.0, 44.0, 40.0, 50.0, 28.0, 36.0, 0.0, 228.0], [0.0, 186.0, 206.0, 161.0, 181.0, 151.0, 190.0, 160.0, 181.0, 200.0, 167.0, 196.0, 380.0, 308.0, 393.0, 360.0, 403.0, 333.0, 353.0, 390.0, 100.0, 101.0, 121.0, 130.0, 150.0, 151.0, 158.0, 171.0, 177.0, 200.0, 206.0, 335.0, 316.0, 335.0, 323.0, 380.0, 353.0, 392.0, 412.0, 403.0, 206.0, 186.0, 193.0, 165.0, 215.0, 223.0, 205.0, 180.0, 233.0, 192.0, 228.0, 0.0]], "end_depot": 51, "horizon": [0.0, 12360.0], "instance_name": "C107_50_A", "profits": [0.0, 918.6146010145178, 932.4858425349939, 984.7709075488492, 920.0571941165654, 936.595441835422, 956.0421246132948, 936.2854036048141, 960.690823087042, 978.9005869504795, 917.0573261168247, 1042.270975154952, 876.1284655606769, 1083.056918160248, 1005.9427423434529, 1070.29980580092, 977.9572155667363, 962.7713018334364, 1061.4377970720218, 981.9765438180739, 950.2859248973573, 910.915252611212, 949.3420490251619, 910.4429178134633, 906.9998285719184, 909.1428081634076, 918.7723306814105, 1029.385142306016, 944.2561564396356, 894.0000390002724, 1017.1714984797436, 1022.7355511660853, 963.2680935989229, 1061.6704768597592, 1054.836173216322, 970.2355954161058, 1027.235620915907, 946.2356524161924, 989.877663611319, 962.7356936662954, 888.5000832501273, 1073.9280806688093, 930.9996622871049, 899.2865420384496, 885.0000750001327, 925.5000097501324, 1150.250296626712, 929.8841091672593, 887.5493397746077, 968.0271112588016, 966.7892249238221, 0.0], "service_times": [0.0, 900.0, 900.0, 900.0, 900.0, 900.0, 900.0, 900.0, 900.0, 900.0, 900.0, 900.0, 900.0, 900.0, 900.0, 900.0, 900.0, 900.0, 900.0, 900.0, 900.0, 900.0, 900.0, 900.0, 900.0, 900.0, 900.0, 900.0, 900.0, 900.0, 900.0, 900.0, 900.0, 900.0, 900.0, 900.0, 900.0, 900.0, 900.0, 900.0, 900.0, 900.0, 900.0, 900.0, 900.0, 900.0, 900.0, 900.0, 900.0, 900.0, 900.0, 0.0], "speed_zone_count": 5, "speed_zones": [[0.0, 2472.0], [2472.0, 3708.0], [3708.0, 8652.0], [8652.0, 9888.0], [9888.0, 12360.0]], "sr_cuts": [], "sr_duals": [], "start_depot": 0, "time_windows": [[0.0, 12360.0], [8500.0, 10300.0], [7580.0, 9380.0], [160.0, 1960.0], [6650.0, 8450.0], [150.0, 1950.0], [5720.0, 7520.0], [1080.0, 2880.0], [2000.0, 3800.0], [4800.0, 6600.0], [2940.0, 4740.0], [3870.0, 5670.0], [5970.0, 7770.0], [300.0, 2100.0], [5040.0, 6840.0], [3170.0, 4970.0], [4120.0, 5920.0], [340.0, 2140.0], [1270.0, 3070.0], [2220.0, 4020.0], [100.0, 1900.0], [8500.0, 10300.0], [7580.0, 9380.0], [6650.0, 8450.0], [150.0, 1950.0], [1070.0, 2870.0], [5720.0, 7520.0], [1990.0, 3790.0], [4800.0, 6600.0], [2920.0, 4720.0], [3870.0, 5670.0], [1290.0, 3090.0], [310.0, 2110.0], [330.0, 2130.0], [6940.0, 8740.0], [2240.0, 4040.0], [6010.0, 7810.0], [3190.0, 4990.0], [4110.0, 5910.0], [5060.0, 6860.0], [2030.0, 3830.0], [1110.0, 2910.0], [190.0, 1990.0], [160.0, 1960.0], [2960.0, 4760.0], [4810.0, 6610.0], [3890.0, 5690.0], [9470.0, 11270.0], [5730.0, 7530.0], [9440.0, 11240.0], [7580.0, 9380.0], [0.0, 12360.0]], "vehicle_count": 50}