{"capacity": 200, "cluster_count": 3, "cluster_speeds": [[1, 0.333333, 0.666667, 0.5, 0.833333], [1.16667, 0.666667, 1.33333, 0.833333, 1], [1.5, 1, 1.66667, 1.16667, 1.33333]], "clusters": [[0, 1, 2, 1, 2, 0, 2, 0, 0, 0, 2, 0, 1, 0, 0, 0, 2, 2, 1, 2, 1, 2, 0, 1, 2, 0, 0], [0, 0, 2, 2, 2, 1, 0, 2, 1, 2, 0, 1, 0, 0, 2, 0, 2, 1, 0, 0, 2, 1, 2, 1, 1, 2, 1], [0, 2, 0, 1, 1, 1, 1, 0, 0, 1, 2, 0, 2, 2, 0, 2, 0, 1, 2, 1, 1, 1, 0, 2, 2, 2, 2], [0, 2, 1, 0, 1, 1, 1, 2, 1, 1, 0, 0, 1, 2, 1, 2, 2, 0, 0, 2, 0, 2, 1, 1, 2, 0, 2], [0, 2, 1, 1, 0, 1, 1, 0, 0, 2, 1, 1, 2, 2, 2, 0, 2, 1, 2, 0, 2, 0, 0, 1, 2, 2, 1], [0, 1, 1, 1, 1, 0, 2, 2, 2, 1, 0, 1, 2, 1, 1, 2, 1, 1, 0, 2, 2, 2, 0, 2, 1, 1, 2], [0, 0, 1, 1, 1, 2, 0, 1, 2, 1, 0, 1, 0, 0, 2, 1, 2, 1, 0, 1, 0, 0, 2, 2, 2, 2, 0], [0, 2, 0, 2, 0, 2, 1, 0, 0, 1, 2, 0, 0, 2, 1, 2, 2, 0, 1, 0, 2, 1, 1, 2, 1, 2, 2], [0, 1, 0, 1, 0, 2, 2, 0, 0, 0, 1, 0, 1, 0, 1, 1, 2, 1, 1, 2, 2, 1, 1, 1, 2, 1, 0], [0, 2, 1, 1, 2, 1, 1, 1, 0, 0, 2, 0, 0, 1, 0, 2, 0, 0, 2, 1, 1, 2, 2, 1, 2, 0, 0], [0, 0, 2, 0, 1, 0, 0, 2, 1, 2, 0, 1, 0, 0, 0, 2, 1, 2, 2, 2, 1, 0, 2, 2, 2, 1, 1], [0, 1, 0, 0, 1, 1, 1, 0, 0, 0, 1, 0, 2, 0, 1, 0, 2, 1, 0, 2, 0, 2, 2, 0, 0, 1, 1], [0, 0, 2, 1, 2, 2, 0, 0, 1, 0, 0, 2, 0, 2, 1, 2, 1, 1, 2, 2, 0, 1, 0, 0, 1, 1, 1], [0, 0, 2, 2, 2, 1, 0, 2, 0, 1, 0, 0, 2, 0, 0, 0, 0, 0, 1, 2, 2, 0, 2, 2, 1, 2, 2], [0, 2, 0, 1, 2, 1, 2, 1, 1, 0, 0, 1, 1, 0, 0, 1, 2, 2, 0, 0, 2, 2, 2, 1, 0, 1, 0], [0, 0, 2, 2, 0, 2, 1, 2, 1, 2, 2, 0, 2, 0, 1, 0, 0, 0, 0, 1, 2, 0, 2, 2, 0, 2, 2], [0, 2, 0, 2, 2, 1, 2, 2, 2, 0, 1, 2, 1, 0, 2, 0, 0, 1, 1, 1, 1, 2, 2, 1, 2, 1, 2], [0, 1, 1, 0, 1, 1, 1, 0, 1, 0, 2, 1, 1, 0, 2, 0, 1, 0, 1, 2, 2, 0, 2, 2, 1, 0, 1], [0, 0, 2, 0, 2, 0, 0, 1, 1, 2, 2, 0, 2, 1, 0, 0, 1, 1, 0, 0, 2, 0, 0, 0, 2, 0, 1], [0, 0, 1, 2, 0, 2, 1, 0, 2, 1, 2, 2, 2, 2, 0, 1, 1, 2, 0, 0, 1, 0, 1, 1, 2, 2, 2], [0, 2, 1, 0, 2, 2, 0, 2, 2, 1, 1, 0, 0, 2, 2, 2, 1, 2, 2, 1, 0, 2, 2, 0, 1, 0, 0], [0, 1, 1, 2, 0, 2, 0, 1, 1, 2, 0, 2, 1, 0, 2, 0, 2, 0, 0, 0, 2, 0, 1, 0, 2, 2, 0], [0, 2, 0, 1, 0, 0, 2, 1, 1, 2, 2, 2, 0, 2, 2, 2, 2, 2, 0, 1, 2, 1, 0, 1, 2, 0, 2], [0, 1, 2, 1, 1, 2, 2, 2, 1, 1, 2, 0, 0, 2, 1, 2, 1, 2, 0, 1, 0, 0, 1, 0, 2, 2, 2], [0, 1, 2, 2, 2, 1, 2, 1, 2, 2, 2, 0, 1, 1, 0, 0, 2, 1, 2, 2, 1, 2, 2, 2, 0, 1, 1], [0, 2, 2, 0, 2, 1, 2, 2, 1, 0, 1, 1, 1, 2, 1, 2, 1, 0, 0, 2, 0, 2, 0, 2, 1, 0, 1], [0, 0, 0, 0, 0, 0, 0, 0, 0, 0, 0, 0, 0, 0, 0, 0, 0, 0, 0, 0, 0, 0, 0, 0, 0, 0, 0]], "dataset_name": "networks_2019", "demands": [0, 10, 30, 10, 10, 10, 20, 20, 20, 10, 10, 10, 20, 30, 10, 40, 40, 20, 20, 10, 10, 20, 20, 10, 10, 40, 0], "digraph": {"arc_count": 650, "arcs": [[0, 1, 1, 1, 1, 1, 1, 1, 1, 1, 1, 1, 1, 1, 1, 1, 1, 1, 1, 1, 1, 1, 1, 1, 1, 1, 0], [0, 0, 1, 1, 1, 1, 1, 1, 1, 1, 1, 1, 1, 1, 1, 1, 1, 1, 1, 1, 1, 1, 1, 1, 1, 1, 1], [0, 1, 0, 1, 1, 1, 1, 1, 1, 1, 1, 1, 1, 1, 1, 1, 1, 1, 1, 1, 1, 1, 1, 1, 1, 1, 1], [0, 1, 1, 0, 1, 1, 1, 1, 1, 1, 1, 1, 1, 1, 1, 1, 1, 1, 1, 1, 1, 1, 1, 1, 1, 1, 1], [0, 1, 1, 1, 0, 1, 1, 1, 1, 1, 1, 1, 1, 1, 1, 1, 1, 1, 1, 1, 1, 1, 1, 1, 1, 1, 1], [0, 1, 1, 1, 1, 0, 1, 1, 1, 1, 1, 1, 1, 1, 1, 1, 1, 1, 1, 1, 1, 1, 1, 1, 1, 1, 1], [0, 1, 1, 1, 1, 1, 0, 1, 1, 1, 1, 1, 1, 1, 1, 1, 1, 1, 1, 1, 1, 1, 1, 1, 1, 1, 1], [0, 1, 1, 1, 1, 1, 1, 0, 1, 1, 1, 1, 1, 1, 1, 1, 1, 1, 1, 1, 1, 1, 1, 1, 1, 1, 1], [0, 1, 1, 1, 1, 1, 1, 1, 0, 1, 1, 1, 1, 1, 1, 1, 1, 1, 1, 1, 1, 1, 1, 1, 1, 1, 1], [0, 1, 1, 1, 1, 1, 1, 1, 1, 0, 1, 1, 1, 1, 1, 1, 1, 1, 1, 1, 1, 1, 1, 1, 1, 1, 1], [0, 1, 1, 1, 1, 1, 1, 1, 1, 1, 0, 1, 1, 1, 1, 1, 1, 1, 1, 1, 1, 1, 1, 1, 1, 1, 1], [0, 1, 1, 1, 1, 1, 1, 1, 1, 1, 1, 0, 1, 1, 1, 1, 1, 1, 1, 1, 1, 1, 1, 1, 1, 1, 1], [0, 1, 1, 1, 1, 1, 1, 1, 1, 1, 1, 1, 0, 1, 1, 1, 1, 1, 1, 1, 1, 1, 1, 1, 1, 1, 1], [0, 1, 1, 1, 1, 1, 1, 1, 1, 1, 1, 1, 1, 0, 1, 1, 1, 1, 1, 1, 1, 1, 1, 1, 1, 1, 1], [0, 1, 1, 1, 1, 1, 1, 1, 1, 1, 1, 1, 1, 1, 0, 1, 1, 1, 1, 1, 1, 1, 1, 1, 1, 1, 1], [0, 1, 1, 1, 1, 1, 1, 1, 1, 1, 1, 1, 1, 1, 1, 0, 1, 1, 1, 1, 1, 1, 1, 1, 1, 1, 1], [0, 1, 1, 1, 1, 1, 1, 1, 1, 1, 1, 1, 1, 1, 1, 1, 0, 1, 1, 1, 1, 1, 1, 1, 1, 1, 1], [0, 1, 1, 1, 1, 1, 1, 1, 1, 1, 1, 1, 1, 1, 1, 1, 1, 0, 1, 1, 1, 1, 1, 1, 1, 1, 1], [0, 1, 1, 1, 1, 1, 1, 1, 1, 1, 1, 1, 1, 1, 1, 1, 1, 1, 0, 1, 1, 1, 1, 1, 1, 1, 1], [0, 1, 1, 1, 1, 1, 1, 1, 1, 1, 1, 1, 1, 1, 1, 1, 1, 1, 1, 0, 1, 1, 1, 1, 1, 1, 1], [0, 1, 1, 1, 1, 1, 1, 1, 1, 1, 1, 1, 1, 1, 1, 1, 1, 1, 1, 1, 0, 1, 1, 1, 1, 1, 1], [0, 1, 1, 1, 1, 1, 1, 1, 1, 1, 1, 1, 1, 1, 1, 1, 1, 1, 1, 1, 1, 0, 1, 1, 1, 1, 1], [0, 1, 1, 1, 1, 1, 1, 1, 1, 1, 1, 1, 1, 1, 1, 1, 1, 1, 1, 1, 1, 1, 0, 1, 1, 1, 1], [0, 1, 1, 1, 1, 1, 1, 1, 1, 1, 1, 1, 1, 1, 1, 1, 1, 1, 1, 1, 1, 1, 1, 0, 1, 1, 1], [0, 1, 1, 1, 1, 1, 1, 1, 1, 1, 1, 1, 1, 1, 1, 1, 1, 1, 1, 1, 1, 1, 1, 1, 0, 1, 1], [0, 1, 1, 1, 1, 1, 1, 1, 1, 1, 1, 1, 1, 1, 1, 1, 1, 1, 1, 1, 1, 1, 1, 1, 1, 0, 1], [0, 0, 0, 0, 0, 0, 0, 0, 0, 0, 0, 0, 0, 0, 0, 0, 0, 0, 0, 0, 0, 0, 0, 0, 0, 0, 0]], "coordinates": [[40.0, 50.0], [45.0, 68.0], [45.0, 70.0], [42.0, 66.0], [42.0, 68.0], [42.0, 65.0], [40.0, 69.0], [40.0, 66.0], [38.0, 68.0], [38.0, 70.0], [35.0, 66.0], [35.0, 69.0], [25.0, 85.0], [22.0, 75.0], [22.0, 85.0], [20.0, 80.0], [20.0, 85.0], [18.0, 75.0], [15.0, 75.0], [15.0, 80.0], [30.0, 50.0], [30.0, 52.0], [28.0, 52.0], [28.0, 55.0], [25.0, 50.0], [25.0, 52.0], [40.0, 50.0]], "vertex_count": 27}, "distances": [[0.0, 186.0, 206.0, 161.0, 181.0, 151.0, 190.0, 160.0, 181.0, 200.0, 167.0, 196.0, 380.0, 308.0, 393.0, 360.0, 403.0, 333.0, 353.0, 390.0, 100.0, 101.0, 121.0, 130.0, 150.0, 151.0, 0.0], [186.0, 0.0, 20.0, 36.0, 30.0, 42.0, 50.0, 53.0, 70.0, 72.0, 101.0, 100.0, 262.0, 240.0, 286.0, 277.0, 302.0, 278.0, 308.0, 323.0, 234.0, 219.0, 233.0, 214.0, 269.0, 256.0, 186.0], [206.0, 20.0, 0.0, 50.0, 36.0, 58.0, 50.0, 64.0, 72.0, 70.0, 107.0, 100.0, 250.0, 235.0, 274.0, 269.0, 291.0, 274.0, 304.0, 316.0, 250.0, 234.0, 247.0, 226.0, 282.0, 269.0, 206.0], [161.0, 36.0, 50.0, 0.0, 20.0, 10.0, 36.0, 20.0, 44.0, 56.0, 70.0, 76.0, 254.0, 219.0, 275.0, 260.0, 290.0, 256.0, 284.0, 304.0, 200.0, 184.0, 197.0, 178.0, 233.0, 220.0, 161.0], [181.0, 30.0, 36.0, 20.0, 0.0, 30.0, 22.0, 28.0, 40.0, 44.0, 72.0, 70.0, 240.0, 211.0, 262.0, 250.0, 278.0, 250.0, 278.0, 295.0, 216.0, 200.0, 212.0, 191.0, 247.0, 233.0, 181.0], [151.0, 42.0, 58.0, 10.0, 30.0, 0.0, 44.0, 22.0, 50.0, 64.0, 70.0, 80.0, 262.0, 223.0, 282.0, 266.0, 297.0, 260.0, 287.0, 308.0, 192.0, 176.0, 191.0, 172.0, 226.0, 214.0, 151.0], [190.0, 50.0, 50.0, 36.0, 22.0, 44.0, 0.0, 30.0, 22.0, 22.0, 58.0, 50.0, 219.0, 189.0, 240.0, 228.0, 256.0, 228.0, 257.0, 273.0, 214.0, 197.0, 208.0, 184.0, 242.0, 226.0, 190.0], [160.0, 53.0, 64.0, 20.0, 28.0, 22.0, 30.0, 0.0, 28.0, 44.0, 50.0, 58.0, 242.0, 201.0, 261.0, 244.0, 275.0, 237.0, 265.0, 286.0, 188.0, 172.0, 184.0, 162.0, 219.0, 205.0, 160.0], [181.0, 70.0, 72.0, 44.0, 40.0, 50.0, 22.0, 28.0, 0.0, 20.0, 36.0, 31.0, 214.0, 174.0, 233.0, 216.0, 247.0, 211.0, 240.0, 259.0, 196.0, 178.0, 188.0, 164.0, 222.0, 206.0, 181.0], [200.0, 72.0, 70.0, 56.0, 44.0, 64.0, 22.0, 44.0, 20.0, 0.0, 50.0, 31.0, 198.0, 167.0, 219.0, 205.0, 234.0, 206.0, 235.0, 250.0, 215.0, 196.0, 205.0, 180.0, 238.0, 222.0, 200.0], [167.0, 101.0, 107.0, 70.0, 72.0, 70.0, 58.0, 50.0, 36.0, 50.0, 0.0, 30.0, 214.0, 158.0, 230.0, 205.0, 242.0, 192.0, 219.0, 244.0, 167.0, 148.0, 156.0, 130.0, 188.0, 172.0, 167.0], [196.0, 100.0, 100.0, 76.0, 70.0, 80.0, 50.0, 58.0, 31.0, 31.0, 30.0, 0.0, 188.0, 143.0, 206.0, 186.0, 219.0, 180.0, 208.0, 228.0, 196.0, 177.0, 183.0, 156.0, 214.0, 197.0, 196.0], [380.0, 262.0, 250.0, 254.0, 240.0, 262.0, 219.0, 242.0, 214.0, 198.0, 214.0, 188.0, 0.0, 104.0, 30.0, 70.0, 50.0, 122.0, 141.0, 111.0, 353.0, 333.0, 331.0, 301.0, 350.0, 330.0, 380.0], [308.0, 240.0, 235.0, 219.0, 211.0, 223.0, 189.0, 201.0, 174.0, 167.0, 158.0, 143.0, 104.0, 0.0, 100.0, 53.0, 101.0, 40.0, 70.0, 86.0, 262.0, 243.0, 237.0, 208.0, 251.0, 231.0, 308.0], [393.0, 286.0, 274.0, 275.0, 262.0, 282.0, 240.0, 261.0, 233.0, 219.0, 230.0, 206.0, 30.0, 100.0, 0.0, 53.0, 20.0, 107.0, 122.0, 86.0, 359.0, 339.0, 335.0, 305.0, 351.0, 331.0, 393.0], [360.0, 277.0, 269.0, 260.0, 250.0, 266.0, 228.0, 244.0, 216.0, 205.0, 205.0, 186.0, 70.0, 53.0, 53.0, 0.0, 50.0, 53.0, 70.0, 50.0, 316.0, 297.0, 291.0, 262.0, 304.0, 284.0, 360.0], [403.0, 302.0, 291.0, 290.0, 278.0, 297.0, 256.0, 275.0, 247.0, 234.0, 242.0, 219.0, 50.0, 101.0, 20.0, 50.0, 0.0, 101.0, 111.0, 70.0, 364.0, 344.0, 339.0, 310.0, 353.0, 333.0, 403.0], [333.0, 278.0, 274.0, 256.0, 250.0, 260.0, 228.0, 237.0, 211.0, 206.0, 192.0, 180.0, 122.0, 40.0, 107.0, 53.0, 101.0, 0.0, 30.0, 58.0, 277.0, 259.0, 250.0, 223.0, 259.0, 240.0, 333.0], [353.0, 308.0, 304.0, 284.0, 278.0, 287.0, 257.0, 265.0, 240.0, 235.0, 219.0, 208.0, 141.0, 70.0, 122.0, 70.0, 111.0, 30.0, 0.0, 50.0, 291.0, 274.0, 264.0, 238.0, 269.0, 250.0, 353.0], [390.0, 323.0, 316.0, 304.0, 295.0, 308.0, 273.0, 286.0, 259.0, 250.0, 244.0, 228.0, 111.0, 86.0, 86.0, 50.0, 70.0, 58.0, 50.0, 0.0, 335.0, 317.0, 308.0, 281.0, 316.0, 297.0, 390.0], [100.0, 234.0, 250.0, 200.0, 216.0, 192.0, 214.0, 188.0, 196.0, 215.0, 167.0, 196.0, 353.0, 262.0, 359.0, 316.0, 364.0, 277.0, 291.0, 335.0, 0.0, 20.0, 28.0, 53.0, 50.0, 53.0, 100.0], [101.0, 219.0, 234.0, 184.0, 200.0, 176.0, 197.0, 172.0, 178.0, 196.0, 148.0, 177.0, 333.0, 243.0, 339.0, 297.0, 344.0, 259.0, 274.0, 317.0, 20.0, 0.0, 20.0, 36.0, 53.0, 50.0, 101.0], [121.0, 233.0, 247.0, 197.0, 212.0, 191.0, 208.0, 184.0, 188.0, 205.0, 156.0, 183.0, 331.0, 237.0, 335.0, 291.0, 339.0, 250.0, 264.0, 308.0, 28.0, 20.0, 0.0, 30.0, 36.0, 30.0, 121.0], [130.0, 214.0, 226.0, 178.0, 191.0, 172.0, 184.0, 162.0, 164.0, 180.0, 130.0, 156.0, 301.0, 208.0, 305.0, 262.0, 310.0, 223.0, 238.0, 281.0, 53.0, 36.0, 30.0, 0.0, 58.0, 42.0, 130.0], [150.0, 269.0, 282.0, 233.0, 247.0, 226.0, 242.0, 219.0, 222.0, 238.0, 188.0, 214.0, 350.0, 251.0, 351.0, 304.0, 353.0, 259.0, 269.0, 316.0, 50.0, 53.0, 36.0, 58.0, 0.0, 20.0, 150.0], [151.0, 256.0, 269.0, 220.0, 233.0, 214.0, 226.0, 205.0, 206.0, 222.0, 172.0, 197.0, 330.0, 231.0, 331.0, 284.0, 333.0, 240.0, 250.0, 297.0, 53.0, 50.0, 30.0, 42.0, 20.0, 0.0, 151.0], [0.0, 186.0, 206.0, 161.0, 181.0, 151.0, 190.0, 160.0, 181.0, 200.0, 167.0, 196.0, 380.0, 308.0, 393.0, 360.0, 403.0, 333.0, 353.0, 390.0, 100.0, 101.0, 121.0, 130.0, 150.0, 151.0, 0.0]], "end_depot": 26, "horizon": [0.0, 12360.0], "instance_name": "C109_25_A", "profits": [0.0, 938.9104738665155, 949.9119827450163, 983.2563320013764, 925.9783707200395, 985.288806096295, 938.6226406807186, 920.3333408333324, 941.2619453016571, 939.7989646679837, 937.422697080742, 966.7621440518844, 994.2421105935819, 1018.9104368053494, 966.4921762184777, 996.6833421906199, 1016.3130364866837, 1016.9389641595776, 1009.4388104095315, 944.0229569618996, 959.6374337696598, 981.2674396782837, 942.8674588782804, 966.5510936092005, 972.9975317226919, 1039.1863638589034, 0.0], "service_times": [0.0, 900.0, 900.0, 900.0, 900.0, 900.0, 900.0, 900.0, 900.0, 900.0, 900.0, 900.0, 900.0, 900.0, 900.0, 900.0, 900.0, 900.0, 900.0, 900.0, 900.0, 900.0, 900.0, 900.0, 900.0, 900.0, 0.0], "speed_zone_count": 5, "speed_zones": [[0.0, 2472.0], [2472.0, 3708.0], [3708.0, 8652.0], [8652.0, 9888.0], [9888.0, 12360.0]], "sr_cuts": [], "sr_duals": [], "start_depot": 0, "time_windows": [[0.0, 12360.0], [7600.0, 11200.0], [6680.0, 10280.0], [160.0, 3760.0], [5750.0, 9350.0], [150.0, 3750.0], [4820.0, 8420.0], [180.0, 3780.0], [1100.0, 4700.0], [3900.0, 7500.0], [2040.0, 5640.0], [2970.0, 6570.0], [5070.0, 8670.0], [300.0, 3900.0], [4140.0, 7740.0], [2270.0, 5870.0], [3220.0, 6820.0], [330.0, 3930.0], [370.0, 3970.0], [1320.0, 4920.0], [100.0, 3700.0], [7600.0, 11200.0], [6680.0, 10280.0], [5750.0, 9350.0], [150.0, 3750.0], [170.0, 3770.0], [0.0, 12360.0]], "vehicle_count": 25}