{"capacity": 1000, "cluster_count": 3, "cluster_speeds": [[1, 0.333333, 0.666667, 0.5, 0.833333], [1.16667, 0.666667, 1.33333, 0.833333, 1], [1.5, 1, 1.66667, 1.16667, 1.33333]], "clusters": [[0, 1, 2, 1, 2, 0, 2, 0, 0, 0, 2, 0, 1, 0, 0, 0, 2, 2, 1, 2, 1, 2, 0, 1, 2, 0, 2, 0, 1, 2, 0, 2, 2, 1, 1, 0, 0, 2, 2, 1, 2, 1, 0, 0, 0, 2, 2, 0, 1, 2, 0, 0], [0, 0, 2, 2, 2, 1, 0, 2, 1, 2, 0, 1, 0, 0, 2, 0, 2, 1, 0, 0, 2, 1, 2, 1, 1, 2, 1, 2, 1, 2, 1, 0, 1, 1, 0, 1, 2, 2, 0, 1, 1, 0, 1, 2, 2, 0, 1, 2, 1, 1, 2, 1], [0, 2, 0, 1, 1, 1, 1, 0, 0, 1, 2, 0, 2, 2, 0, 2, 0, 1, 2, 1, 1, 1, 0, 2, 2, 2, 2, 1, 0, 2, 0, 1, 2, 2, 1, 2, 0, 2, 1, 0, 1, 2, 0, 1, 0, 1, 0, 2, 1, 1, 2, 0], [0, 2, 1, 0, 1, 1, 1, 2, 1, 1, 0, 0, 1, 2, 1, 2, 2, 0, 0, 2, 0, 2, 1, 1, 2, 0, 2, 2, 0, 1, 0, 1, 0, 0, 1, 0, 2, 2, 1, 2, 2, 2, 2, 2, 2, 0, 0, 2, 2, 0, 1, 0], [0, 2, 1, 1, 0, 1, 1, 0, 0, 2, 1, 1, 2, 2, 2, 0, 2, 1, 2, 0, 2, 0, 0, 1, 2, 2, 1, 0, 2, 2, 2, 2, 0, 2, 1, 0, 1, 2, 1, 2, 1, 0, 1, 2, 1, 0, 2, 0, 1, 1, 2, 0], [0, 1, 1, 1, 1, 0, 2, 2, 2, 1, 0, 1, 2, 1, 1, 2, 1, 1, 0, 2, 2, 2, 0, 2, 1, 1, 2, 1, 2, 0, 0, 0, 0, 0, 1, 2, 2, 2, 1, 2, 2, 2, 0, 0, 2, 0, 0, 0, 2, 1, 1, 2], [0, 0, 1, 1, 1, 2, 0, 1, 2, 1, 0, 1, 0, 0, 2, 1, 2, 1, 0, 1, 0, 0, 2, 2, 2, 2, 0, 1, 1, 0, 0, 0, 1, 0, 1, 0, 1, 1, 1, 2, 0, 2, 1, 0, 1, 1, 0, 0, 0, 1, 2, 0], [0, 2, 0, 2, 0, 2, 1, 0, 0, 1, 2, 0, 0, 2, 1, 2, 2, 0, 1, 0, 2, 1, 1, 2, 1, 2, 2, 0, 2, 2, 0, 0, 1, 1, 1, 2, 1, 1, 1, 0, 1, 1, 1, 0, 2, 0, 0, 1, 2, 0, 1, 0], [0, 1, 0, 1, 0, 2, 2, 0, 0, 0, 1, 0, 1, 0, 1, 1, 2, 1, 1, 2, 2, 1, 1, 1, 2, 1, 0, 2, 0, 2, 0, 1, 1, 1, 0, 0, 1, 2, 2, 0, 2, 2, 2, 1, 2, 2, 1, 0, 1, 0, 1, 2], [0, 2, 1, 1, 2, 1, 1, 1, 0, 0, 2, 0, 0, 1, 0, 2, 0, 0, 2, 1, 1, 2, 2, 1, 2, 0, 0, 1, 2, 0, 2, 1, 1, 0, 2, 1, 2, 2, 1, 2, 0, 0, 2, 1, 1, 2, 2, 2, 1, 0, 1, 1], [0, 0, 2, 0, 1, 0, 0, 2, 1, 2, 0, 1, 0, 0, 0, 2, 1, 2, 2, 2, 1, 0, 2, 2, 2, 1, 1, 1, 2, 1, 1, 1, 1, 1, 1, 2, 2, 0, 1, 2, 1, 1, 0, 0, 1, 2, 2, 1, 2, 0, 1, 0], [0, 1, 0, 0, 1, 1, 1, 0, 0, 0, 1, 0, 2, 0, 1, 0, 2, 1, 0, 2, 0, 2, 2, 0, 0, 1, 1, 0, 1, 1, 2, 0, 1, 1, 1, 2, 2, 1, 0, 1, 1, 1, 0, 2, 1, 1, 0, 1, 0, 1, 1, 2], [0, 0, 2, 1, 2, 2, 0, 0, 1, 0, 0, 2, 0, 2, 1, 2, 1, 1, 2, 2, 0, 1, 0, 0, 1, 1, 1, 0, 0, 1, 2, 0, 2, 1, 1, 2, 1, 0, 2, 0, 2, 2, 0, 1, 0, 0, 2, 2, 1, 0, 0, 2], [0, 0, 2, 2, 2, 1, 0, 2, 0, 1, 0, 0, 2, 0, 0, 0, 0, 0, 1, 2, 2, 0, 2, 2, 1, 2, 2, 1, 2, 1, 2, 1, 1, 1, 1, 1, 2, 2, 1, 2, 0, 1, 1, 1, 1, 0, 0, 2, 0, 1, 2, 2], [0, 2, 0, 1, 2, 1, 2, 1, 1, 0, 0, 1, 1, 0, 0, 1, 2, 2, 0, 0, 2, 2, 2, 1, 0, 1, 0, 2, 0, 2, 0, 2, 1, 2, 1, 2, 2, 2, 2, 1, 2, 0, 0, 2, 1, 1, 1, 0, 1, 0, 1, 0], [0, 0, 2, 2, 0, 2, 1, 2, 1, 2, 2, 0, 2, 0, 1, 0, 0, 0, 0, 1, 2, 0, 2, 2, 0, 2, 2, 0, 1, 0, 0, 0, 0, 2, 1, 2, 1, 0, 1, 0, 2, 0, 2, 1, 0, 0, 2, 2, 0, 0, 2, 1], [0, 2, 0, 2, 2, 1, 2, 2, 2, 0, 1, 2, 1, 0, 2, 0, 0, 1, 1, 1, 1, 2, 2, 1, 2, 1, 2, 1, 1, 0, 0, 2, 0, 2, 1, 0, 0, 1, 1, 1, 0, 2, 1, 0, 2, 1, 1, 1, 0, 0, 2, 2], [0, 1, 1, 0, 1, 1, 1, 0, 1, 0, 2, 1, 1, 0, 2, 0, 1, 0, 1, 2, 2, 0, 2, 2, 1, 0, 1, 2, 0, 2, 2, 2, 2, 2, 2, 0, 2, 2, 0, 2, 2, 0, 1, 0, 1, 2, 1, 2, 2, 1, 2, 2], [0, 0, 2, 0, 2, 0, 0, 1, 1, 2, 2, 0, 2, 1, 0, 0, 1, 1, 0, 0, 2, 0, 0, 0, 2, 0, 1, 1, 2, 0, 1, 0, 1, 1, 0, 2, 2, 1, 0, 0, 1, 1, 2, 2, 0, 2, 1, 2, 2, 0, 2, 1], [0, 0, 1, 2, 0, 2, 1, 0, 2, 1, 2, 2, 2, 2, 0, 1, 1, 2, 0, 0, 1, 0, 1, 1, 2, 2, 2, 2, 2, 2, 0, 1, 0, 2, 1, 2, 1, 1, 2, 0, 2, 2, 2, 1, 2, 0, 1, 0, 2, 0, 2, 1], [0, 2, 1, 0, 2, 2, 0, 2, 2, 1, 1, 0, 0, 2, 2, 2, 1, 2, 2, 1, 0, 2, 2, 0, 1, 0, 0, 1, 1, 1, 1, 2, 1, 0, 1, 1, 0, 1, 1, 0, 1, 2, 1, 1, 1, 0, 1, 0, 1, 1, 2, 2], [0, 1, 1, 2, 0, 2, 0, 1, 1, 2, 0, 2, 1, 0, 2, 0, 2, 0, 0, 0, 2, 0, 1, 0, 2, 2, 0, 2, 2, 1, 1, 2, 1, 2, 1, 0, 2, 0, 2, 1, 1, 2, 1, 0, 0, 0, 2, 2, 0, 2, 0, 1], [0, 2, 0, 1, 0, 0, 2, 1, 1, 2, 2, 2, 0, 2, 2, 2, 2, 2, 0, 1, 2, 1, 0, 1, 2, 0, 2, 0, 0, 0, 2, 0, 2, 2, 1, 1, 1, 2, 2, 1, 2, 1, 1, 1, 0, 1, 1, 0, 0, 1, 1, 0], [0, 1, 2, 1, 1, 2, 2, 2, 1, 1, 2, 0, 0, 2, 1, 2, 1, 2, 0, 1, 0, 0, 1, 0, 2, 2, 2, 2, 0, 1, 1, 2, 2, 0, 2, 1, 1, 0, 0, 1, 0, 0, 0, 2, 0, 0, 1, 0, 2, 0, 1, 1], [0, 1, 2, 2, 2, 1, 2, 1, 2, 2, 2, 0, 1, 1, 0, 0, 2, 1, 2, 2, 1, 2, 2, 2, 0, 1, 1, 2, 2, 1, 1, 0, 0, 2, 0, 1, 0, 0, 1, 2, 1, 2, 0, 1, 0, 1, 0, 1, 0, 1, 1, 1], [0, 2, 2, 0, 2, 1, 2, 2, 1, 0, 1, 1, 1, 2, 1, 2, 1, 0, 0, 2, 0, 2, 0, 2, 1, 0, 1, 2, 0, 2, 0, 2, 2, 0, 1, 1, 0, 1, 0, 1, 2, 1, 1, 2, 0, 1, 0, 0, 1, 2, 2, 1], [0, 1, 2, 2, 1, 2, 0, 2, 0, 0, 1, 1, 1, 2, 0, 2, 2, 1, 1, 2, 0, 0, 2, 2, 1, 1, 0, 2, 0, 2, 2, 1, 1, 2, 0, 2, 2, 1, 1, 0, 0, 2, 1, 1, 0, 1, 0, 2, 0, 1, 1, 2], [0, 2, 1, 2, 0, 1, 1, 0, 2, 1, 1, 0, 0, 1, 2, 0, 1, 2, 1, 2, 1, 2, 0, 2, 2, 2, 2, 0, 1, 1, 0, 2, 0, 1, 1, 2, 1, 0, 0, 0, 1, 2, 1, 1, 1, 0, 2, 1, 0, 2, 1, 2], [0, 1, 0, 0, 2, 2, 1, 2, 0, 2, 2, 1, 0, 2, 0, 1, 1, 0, 2, 2, 1, 2, 0, 0, 2, 0, 0, 1, 0, 0, 1, 1, 0, 0, 2, 2, 2, 2, 1, 0, 2, 2, 2, 2, 2, 0, 0, 1, 0, 0, 2, 1], [0, 2, 2, 1, 2, 0, 0, 2, 2, 0, 1, 1, 1, 1, 2, 0, 0, 2, 0, 2, 1, 1, 0, 1, 1, 2, 2, 1, 0, 0, 2, 0, 2, 2, 1, 2, 1, 0, 2, 0, 0, 1, 2, 0, 0, 1, 1, 0, 2, 0, 1, 2], [0, 1, 0, 0, 2, 0, 0, 0, 0, 2, 1, 2, 2, 2, 0, 0, 0, 2, 1, 0, 1, 1, 2, 1, 1, 0, 2, 0, 1, 2, 0, 1, 0, 0, 1, 0, 2, 2, 2, 1, 0, 1, 2, 2, 0, 1, 0, 0, 2, 2, 0, 1], [0, 0, 1, 1, 2, 0, 0, 0, 1, 1, 1, 0, 0, 1, 2, 0, 2, 2, 0, 1, 2, 2, 0, 2, 0, 2, 1, 2, 1, 0, 1, 0, 0, 1, 0, 1, 2, 1, 1, 2, 0, 1, 1, 0, 2, 0, 1, 1, 1, 1, 1, 1], [0, 1, 2, 0, 0, 0, 1, 1, 1, 1, 1, 1, 2, 1, 1, 0, 0, 2, 1, 0, 1, 1, 2, 2, 0, 2, 1, 0, 0, 2, 0, 0, 0, 1, 2, 2, 2, 1, 0, 2, 2, 0, 2, 2, 1, 0, 0, 1, 2, 0, 0, 2], [0, 1, 2, 0, 2, 0, 0, 1, 1, 0, 1, 1, 1, 1, 2, 2, 2, 2, 1, 2, 0, 2, 2, 0, 2, 0, 2, 1, 0, 2, 0, 1, 1, 0, 1, 1, 2, 0, 2, 0, 2, 1, 2, 1, 1, 0, 2, 2, 1, 1, 1, 0], [0, 0, 1, 1, 1, 1, 1, 1, 0, 2, 1, 1, 1, 1, 1, 1, 1, 2, 0, 1, 1, 1, 1, 2, 0, 1, 0, 1, 2, 1, 1, 0, 2, 1, 0, 2, 0, 0, 1, 2, 1, 1, 1, 1, 2, 1, 2, 1, 1, 0, 0, 0], [0, 1, 2, 0, 0, 2, 0, 2, 0, 1, 2, 2, 2, 1, 2, 2, 0, 0, 2, 2, 1, 0, 1, 1, 1, 1, 2, 2, 2, 2, 0, 1, 2, 1, 2, 0, 0, 1, 0, 0, 2, 2, 0, 0, 0, 1, 0, 2, 0, 2, 2, 1], [0, 2, 0, 2, 1, 2, 1, 1, 1, 2, 2, 2, 1, 2, 2, 1, 0, 2, 2, 1, 0, 2, 1, 1, 0, 0, 2, 1, 2, 1, 2, 2, 2, 2, 0, 0, 0, 1, 0, 1, 0, 1, 0, 1, 1, 0, 0, 0, 0, 0, 1, 0], [0, 2, 2, 2, 2, 2, 1, 1, 2, 2, 0, 1, 0, 2, 2, 0, 1, 2, 1, 1, 1, 0, 2, 0, 0, 1, 1, 0, 2, 0, 2, 1, 1, 0, 0, 1, 1, 0, 1, 0, 2, 1, 2, 0, 1, 0, 1, 2, 0, 0, 1, 2], [0, 0, 1, 1, 1, 1, 1, 1, 2, 1, 1, 0, 2, 1, 2, 1, 1, 0, 0, 2, 1, 2, 2, 0, 1, 0, 1, 0, 1, 2, 2, 1, 0, 2, 1, 0, 0, 1, 0, 1, 0, 1, 2, 2, 0, 1, 1, 1, 1, 2, 1, 2], [0, 1, 0, 2, 2, 2, 2, 0, 0, 2, 2, 1, 0, 2, 1, 0, 1, 2, 0, 0, 0, 1, 1, 1, 2, 1, 0, 0, 0, 0, 1, 2, 2, 0, 2, 0, 1, 0, 1, 0, 2, 0, 0, 1, 1, 1, 0, 1, 0, 2, 0, 1], [0, 1, 1, 2, 1, 2, 0, 1, 2, 0, 1, 1, 2, 0, 2, 2, 0, 2, 1, 2, 1, 1, 2, 0, 1, 2, 0, 1, 2, 0, 0, 0, 2, 2, 1, 2, 0, 2, 0, 2, 0, 2, 0, 0, 1, 0, 0, 0, 1, 1, 0, 2], [0, 0, 2, 2, 0, 2, 2, 1, 2, 0, 1, 1, 2, 1, 0, 0, 2, 0, 1, 2, 2, 2, 1, 0, 2, 1, 2, 2, 2, 1, 1, 1, 0, 1, 1, 2, 1, 1, 1, 0, 2, 0, 1, 1, 1, 2, 2, 0, 0, 2, 2, 0], [0, 1, 0, 2, 1, 0, 1, 1, 2, 2, 0, 0, 0, 1, 0, 2, 1, 1, 2, 2, 1, 1, 1, 0, 0, 1, 1, 1, 2, 2, 2, 1, 2, 2, 1, 0, 0, 2, 2, 0, 0, 1, 0, 1, 2, 1, 0, 2, 1, 2, 1, 2], [0, 2, 1, 2, 2, 0, 0, 0, 1, 1, 0, 2, 1, 1, 2, 1, 0, 0, 2, 1, 1, 0, 1, 2, 1, 2, 1, 1, 2, 0, 2, 0, 2, 1, 1, 0, 1, 0, 2, 1, 0, 1, 1, 0, 2, 1, 1, 1, 1, 2, 0, 0], [0, 2, 0, 2, 1, 2, 1, 2, 2, 1, 1, 1, 0, 1, 1, 0, 2, 1, 0, 2, 1, 0, 0, 0, 0, 0, 0, 1, 2, 0, 0, 2, 1, 1, 2, 0, 1, 1, 0, 1, 1, 1, 2, 2, 0, 2, 0, 0, 0, 1, 1, 0], [0, 0, 1, 0, 0, 0, 1, 0, 2, 2, 2, 1, 0, 0, 1, 0, 1, 2, 2, 0, 0, 0, 1, 0, 1, 1, 1, 0, 0, 1, 1, 0, 0, 0, 1, 1, 0, 0, 1, 1, 0, 2, 1, 1, 2, 0, 2, 1, 1, 0, 1, 1], [0, 1, 0, 0, 2, 0, 0, 0, 1, 2, 2, 0, 2, 0, 1, 2, 1, 1, 1, 1, 1, 2, 1, 1, 0, 0, 0, 2, 0, 1, 0, 1, 0, 2, 2, 0, 0, 1, 1, 0, 0, 2, 0, 1, 0, 2, 0, 1, 2, 2, 1, 1], [0, 2, 2, 2, 0, 0, 0, 1, 0, 2, 1, 1, 2, 2, 0, 2, 1, 2, 2, 0, 0, 2, 0, 0, 1, 0, 2, 1, 1, 0, 0, 1, 1, 2, 1, 2, 0, 2, 1, 1, 0, 0, 2, 1, 0, 1, 1, 0, 0, 1, 2, 2], [0, 1, 1, 2, 1, 2, 0, 2, 1, 1, 2, 0, 1, 0, 1, 0, 0, 2, 2, 2, 1, 0, 0, 2, 0, 1, 0, 0, 0, 2, 2, 1, 2, 1, 1, 0, 0, 0, 1, 0, 1, 0, 1, 1, 0, 1, 2, 0, 0, 2, 1, 2], [0, 1, 1, 0, 1, 1, 1, 0, 0, 0, 0, 1, 0, 1, 0, 0, 0, 1, 0, 0, 1, 2, 1, 0, 1, 2, 1, 2, 0, 0, 2, 1, 0, 1, 0, 2, 0, 0, 2, 2, 1, 2, 2, 2, 1, 0, 2, 1, 2, 0, 0, 2], [0, 2, 2, 1, 2, 1, 2, 1, 1, 1, 1, 1, 0, 2, 1, 2, 2, 2, 2, 2, 2, 0, 1, 1, 1, 2, 1, 1, 2, 1, 0, 1, 0, 1, 0, 2, 1, 1, 1, 0, 0, 2, 1, 0, 1, 1, 1, 2, 1, 0, 0, 0], [0, 0, 0, 0, 0, 0, 0, 0, 0, 0, 0, 0, 0, 0, 0, 0, 0, 0, 0, 0, 0, 0, 0, 0, 0, 0, 0, 0, 0, 0, 0, 0, 0, 0, 0, 0, 0, 0, 0, 0, 0, 0, 0, 0, 0, 0, 0, 0, 0, 0, 0, 0]], "dataset_name": "networks_2019", "demands": [0, 10, 7, 13, 19, 26, 3, 5, 9, 16, 16, 12, 19, 23, 20, 8, 19, 2, 12, 17, 9, 11, 18, 29, 3, 6, 17, 16, 16, 9, 21, 27, 23, 11, 14, 8, 5, 8, 16, 31, 9, 5, 5, 7, 18, 16, 1, 27, 36, 30, 13, 0], "digraph": {"arc_count": 2550, "arcs": [[0, 1, 1, 1, 1, 1, 1, 1, 1, 1, 1, 1, 1, 1, 1, 1, 1, 1, 1, 1, 1, 1, 1, 1, 1, 1, 1, 1, 1, 1, 1, 1, 1, 1, 1, 1, 1, 1, 1, 1, 1, 1, 1, 1, 1, 1, 1, 1, 1, 1, 1, 0], [0, 0, 1, 1, 1, 1, 1, 1, 1, 1, 1, 1, 1, 1, 1, 1, 1, 1, 1, 1, 1, 1, 1, 1, 1, 1, 1, 1, 1, 1, 1, 1, 1, 1, 1, 1, 1, 1, 1, 1, 1, 1, 1, 1, 1, 1, 1, 1, 1, 1, 1, 1], [0, 1, 0, 1, 1, 1, 1, 1, 1, 1, 1, 1, 1, 1, 1, 1, 1, 1, 1, 1, 1, 1, 1, 1, 1, 1, 1, 1, 1, 1, 1, 1, 1, 1, 1, 1, 1, 1, 1, 1, 1, 1, 1, 1, 1, 1, 1, 1, 1, 1, 1, 1], [0, 1, 1, 0, 1, 1, 1, 1, 1, 1, 1, 1, 1, 1, 1, 1, 1, 1, 1, 1, 1, 1, 1, 1, 1, 1, 1, 1, 1, 1, 1, 1, 1, 1, 1, 1, 1, 1, 1, 1, 1, 1, 1, 1, 1, 1, 1, 1, 1, 1, 1, 1], [0, 1, 1, 1, 0, 1, 1, 1, 1, 1, 1, 1, 1, 1, 1, 1, 1, 1, 1, 1, 1, 1, 1, 1, 1, 1, 1, 1, 1, 1, 1, 1, 1, 1, 1, 1, 1, 1, 1, 1, 1, 1, 1, 1, 1, 1, 1, 1, 1, 1, 1, 1], [0, 1, 1, 1, 1, 0, 1, 1, 1, 1, 1, 1, 1, 1, 1, 1, 1, 1, 1, 1, 1, 1, 1, 1, 1, 1, 1, 1, 1, 1, 1, 1, 1, 1, 1, 1, 1, 1, 1, 1, 1, 1, 1, 1, 1, 1, 1, 1, 1, 1, 1, 1], [0, 1, 1, 1, 1, 1, 0, 1, 1, 1, 1, 1, 1, 1, 1, 1, 1, 1, 1, 1, 1, 1, 1, 1, 1, 1, 1, 1, 1, 1, 1, 1, 1, 1, 1, 1, 1, 1, 1, 1, 1, 1, 1, 1, 1, 1, 1, 1, 1, 1, 1, 1], [0, 1, 1, 1, 1, 1, 1, 0, 1, 1, 1, 1, 1, 1, 1, 1, 1, 1, 1, 1, 1, 1, 1, 1, 1, 1, 1, 1, 1, 1, 1, 1, 1, 1, 1, 1, 1, 1, 1, 1, 1, 1, 1, 1, 1, 1, 1, 1, 1, 1, 1, 1], [0, 1, 1, 1, 1, 1, 1, 1, 0, 1, 1, 1, 1, 1, 1, 1, 1, 1, 1, 1, 1, 1, 1, 1, 1, 1, 1, 1, 1, 1, 1, 1, 1, 1, 1, 1, 1, 1, 1, 1, 1, 1, 1, 1, 1, 1, 1, 1, 1, 1, 1, 1], [0, 1, 1, 1, 1, 1, 1, 1, 1, 0, 1, 1, 1, 1, 1, 1, 1, 1, 1, 1, 1, 1, 1, 1, 1, 1, 1, 1, 1, 1, 1, 1, 1, 1, 1, 1, 1, 1, 1, 1, 1, 1, 1, 1, 1, 1, 1, 1, 1, 1, 1, 1], [0, 1, 1, 1, 1, 1, 1, 1, 1, 1, 0, 1, 1, 1, 1, 1, 1, 1, 1, 1, 1, 1, 1, 1, 1, 1, 1, 1, 1, 1, 1, 1, 1, 1, 1, 1, 1, 1, 1, 1, 1, 1, 1, 1, 1, 1, 1, 1, 1, 1, 1, 1], [0, 1, 1, 1, 1, 1, 1, 1, 1, 1, 1, 0, 1, 1, 1, 1, 1, 1, 1, 1, 1, 1, 1, 1, 1, 1, 1, 1, 1, 1, 1, 1, 1, 1, 1, 1, 1, 1, 1, 1, 1, 1, 1, 1, 1, 1, 1, 1, 1, 1, 1, 1], [0, 1, 1, 1, 1, 1, 1, 1, 1, 1, 1, 1, 0, 1, 1, 1, 1, 1, 1, 1, 1, 1, 1, 1, 1, 1, 1, 1, 1, 1, 1, 1, 1, 1, 1, 1, 1, 1, 1, 1, 1, 1, 1, 1, 1, 1, 1, 1, 1, 1, 1, 1], [0, 1, 1, 1, 1, 1, 1, 1, 1, 1, 1, 1, 1, 0, 1, 1, 1, 1, 1, 1, 1, 1, 1, 1, 1, 1, 1, 1, 1, 1, 1, 1, 1, 1, 1, 1, 1, 1, 1, 1, 1, 1, 1, 1, 1, 1, 1, 1, 1, 1, 1, 1], [0, 1, 1, 1, 1, 1, 1, 1, 1, 1, 1, 1, 1, 1, 0, 1, 1, 1, 1, 1, 1, 1, 1, 1, 1, 1, 1, 1, 1, 1, 1, 1, 1, 1, 1, 1, 1, 1, 1, 1, 1, 1, 1, 1, 1, 1, 1, 1, 1, 1, 1, 1], [0, 1, 1, 1, 1, 1, 1, 1, 1, 1, 1, 1, 1, 1, 1, 0, 1, 1, 1, 1, 1, 1, 1, 1, 1, 1, 1, 1, 1, 1, 1, 1, 1, 1, 1, 1, 1, 1, 1, 1, 1, 1, 1, 1, 1, 1, 1, 1, 1, 1, 1, 1], [0, 1, 1, 1, 1, 1, 1, 1, 1, 1, 1, 1, 1, 1, 1, 1, 0, 1, 1, 1, 1, 1, 1, 1, 1, 1, 1, 1, 1, 1, 1, 1, 1, 1, 1, 1, 1, 1, 1, 1, 1, 1, 1, 1, 1, 1, 1, 1, 1, 1, 1, 1], [0, 1, 1, 1, 1, 1, 1, 1, 1, 1, 1, 1, 1, 1, 1, 1, 1, 0, 1, 1, 1, 1, 1, 1, 1, 1, 1, 1, 1, 1, 1, 1, 1, 1, 1, 1, 1, 1, 1, 1, 1, 1, 1, 1, 1, 1, 1, 1, 1, 1, 1, 1], [0, 1, 1, 1, 1, 1, 1, 1, 1, 1, 1, 1, 1, 1, 1, 1, 1, 1, 0, 1, 1, 1, 1, 1, 1, 1, 1, 1, 1, 1, 1, 1, 1, 1, 1, 1, 1, 1, 1, 1, 1, 1, 1, 1, 1, 1, 1, 1, 1, 1, 1, 1], [0, 1, 1, 1, 1, 1, 1, 1, 1, 1, 1, 1, 1, 1, 1, 1, 1, 1, 1, 0, 1, 1, 1, 1, 1, 1, 1, 1, 1, 1, 1, 1, 1, 1, 1, 1, 1, 1, 1, 1, 1, 1, 1, 1, 1, 1, 1, 1, 1, 1, 1, 1], [0, 1, 1, 1, 1, 1, 1, 1, 1, 1, 1, 1, 1, 1, 1, 1, 1, 1, 1, 1, 0, 1, 1, 1, 1, 1, 1, 1, 1, 1, 1, 1, 1, 1, 1, 1, 1, 1, 1, 1, 1, 1, 1, 1, 1, 1, 1, 1, 1, 1, 1, 1], [0, 1, 1, 1, 1, 1, 1, 1, 1, 1, 1, 1, 1, 1, 1, 1, 1, 1, 1, 1, 1, 0, 1, 1, 1, 1, 1, 1, 1, 1, 1, 1, 1, 1, 1, 1, 1, 1, 1, 1, 1, 1, 1, 1, 1, 1, 1, 1, 1, 1, 1, 1], [0, 1, 1, 1, 1, 1, 1, 1, 1, 1, 1, 1, 1, 1, 1, 1, 1, 1, 1, 1, 1, 1, 0, 1, 1, 1, 1, 1, 1, 1, 1, 1, 1, 1, 1, 1, 1, 1, 1, 1, 1, 1, 1, 1, 1, 1, 1, 1, 1, 1, 1, 1], [0, 1, 1, 1, 1, 1, 1, 1, 1, 1, 1, 1, 1, 1, 1, 1, 1, 1, 1, 1, 1, 1, 1, 0, 1, 1, 1, 1, 1, 1, 1, 1, 1, 1, 1, 1, 1, 1, 1, 1, 1, 1, 1, 1, 1, 1, 1, 1, 1, 1, 1, 1], [0, 1, 1, 1, 1, 1, 1, 1, 1, 1, 1, 1, 1, 1, 1, 1, 1, 1, 1, 1, 1, 1, 1, 1, 0, 1, 1, 1, 1, 1, 1, 1, 1, 1, 1, 1, 1, 1, 1, 1, 1, 1, 1, 1, 1, 1, 1, 1, 1, 1, 1, 1], [0, 1, 1, 1, 1, 1, 1, 1, 1, 1, 1, 1, 1, 1, 1, 1, 1, 1, 1, 1, 1, 1, 1, 1, 1, 0, 1, 1, 1, 1, 1, 1, 1, 1, 1, 1, 1, 1, 1, 1, 1, 1, 1, 1, 1, 1, 1, 1, 1, 1, 1, 1], [0, 1, 1, 1, 1, 1, 1, 1, 1, 1, 1, 1, 1, 1, 1, 1, 1, 1, 1, 1, 1, 1, 1, 1, 1, 1, 0, 1, 1, 1, 1, 1, 1, 1, 1, 1, 1, 1, 1, 1, 1, 1, 1, 1, 1, 1, 1, 1, 1, 1, 1, 1], [0, 1, 1, 1, 1, 1, 1, 1, 1, 1, 1, 1, 1, 1, 1, 1, 1, 1, 1, 1, 1, 1, 1, 1, 1, 1, 1, 0, 1, 1, 1, 1, 1, 1, 1, 1, 1, 1, 1, 1, 1, 1, 1, 1, 1, 1, 1, 1, 1, 1, 1, 1], [0, 1, 1, 1, 1, 1, 1, 1, 1, 1, 1, 1, 1, 1, 1, 1, 1, 1, 1, 1, 1, 1, 1, 1, 1, 1, 1, 1, 0, 1, 1, 1, 1, 1, 1, 1, 1, 1, 1, 1, 1, 1, 1, 1, 1, 1, 1, 1, 1, 1, 1, 1], [0, 1, 1, 1, 1, 1, 1, 1, 1, 1, 1, 1, 1, 1, 1, 1, 1, 1, 1, 1, 1, 1, 1, 1, 1, 1, 1, 1, 1, 0, 1, 1, 1, 1, 1, 1, 1, 1, 1, 1, 1, 1, 1, 1, 1, 1, 1, 1, 1, 1, 1, 1], [0, 1, 1, 1, 1, 1, 1, 1, 1, 1, 1, 1, 1, 1, 1, 1, 1, 1, 1, 1, 1, 1, 1, 1, 1, 1, 1, 1, 1, 1, 0, 1, 1, 1, 1, 1, 1, 1, 1, 1, 1, 1, 1, 1, 1, 1, 1, 1, 1, 1, 1, 1], [0, 1, 1, 1, 1, 1, 1, 1, 1, 1, 1, 1, 1, 1, 1, 1, 1, 1, 1, 1, 1, 1, 1, 1, 1, 1, 1, 1, 1, 1, 1, 0, 1, 1, 1, 1, 1, 1, 1, 1, 1, 1, 1, 1, 1, 1, 1, 1, 1, 1, 1, 1], [0, 1, 1, 1, 1, 1, 1, 1, 1, 1, 1, 1, 1, 1, 1, 1, 1, 1, 1, 1, 1, 1, 1, 1, 1, 1, 1, 1, 1, 1, 1, 1, 0, 1, 1, 1, 1, 1, 1, 1, 1, 1, 1, 1, 1, 1, 1, 1, 1, 1, 1, 1], [0, 1, 1, 1, 1, 1, 1, 1, 1, 1, 1, 1, 1, 1, 1, 1, 1, 1, 1, 1, 1, 1, 1, 1, 1, 1, 1, 1, 1, 1, 1, 1, 1, 0, 1, 1, 1, 1, 1, 1, 1, 1, 1, 1, 1, 1, 1, 1, 1, 1, 1, 1], [0, 1, 1, 1, 1, 1, 1, 1, 1, 1, 1, 1, 1, 1, 1, 1, 1, 1, 1, 1, 1, 1, 1, 1, 1, 1, 1, 1, 1, 1, 1, 1, 1, 1, 0, 1, 1, 1, 1, 1, 1, 1, 1, 1, 1, 1, 1, 1, 1, 1, 1, 1], [0, 1, 1, 1, 1, 1, 1, 1, 1, 1, 1, 1, 1, 1, 1, 1, 1, 1, 1, 1, 1, 1, 1, 1, 1, 1, 1, 1, 1, 1, 1, 1, 1, 1, 1, 0, 1, 1, 1, 1, 1, 1, 1, 1, 1, 1, 1, 1, 1, 1, 1, 1], [0, 1, 1, 1, 1, 1, 1, 1, 1, 1, 1, 1, 1, 1, 1, 1, 1, 1, 1, 1, 1, 1, 1, 1, 1, 1, 1, 1, 1, 1, 1, 1, 1, 1, 1, 1, 0, 1, 1, 1, 1, 1, 1, 1, 1, 1, 1, 1, 1, 1, 1, 1], [0, 1, 1, 1, 1, 1, 1, 1, 1, 1, 1, 1, 1, 1, 1, 1, 1, 1, 1, 1, 1, 1, 1, 1, 1, 1, 1, 1, 1, 1, 1, 1, 1, 1, 1, 1, 1, 0, 1, 1, 1, 1, 1, 1, 1, 1, 1, 1, 1, 1, 1, 1], [0, 1, 1, 1, 1, 1, 1, 1, 1, 1, 1, 1, 1, 1, 1, 1, 1, 1, 1, 1, 1, 1, 1, 1, 1, 1, 1, 1, 1, 1, 1, 1, 1, 1, 1, 1, 1, 1, 0, 1, 1, 1, 1, 1, 1, 1, 1, 1, 1, 1, 1, 1], [0, 1, 1, 1, 1, 1, 1, 1, 1, 1, 1, 1, 1, 1, 1, 1, 1, 1, 1, 1, 1, 1, 1, 1, 1, 1, 1, 1, 1, 1, 1, 1, 1, 1, 1, 1, 1, 1, 1, 0, 1, 1, 1, 1, 1, 1, 1, 1, 1, 1, 1, 1], [0, 1, 1, 1, 1, 1, 1, 1, 1, 1, 1, 1, 1, 1, 1, 1, 1, 1, 1, 1, 1, 1, 1, 1, 1, 1, 1, 1, 1, 1, 1, 1, 1, 1, 1, 1, 1, 1, 1, 1, 0, 1, 1, 1, 1, 1, 1, 1, 1, 1, 1, 1], [0, 1, 1, 1, 1, 1, 1, 1, 1, 1, 1, 1, 1, 1, 1, 1, 1, 1, 1, 1, 1, 1, 1, 1, 1, 1, 1, 1, 1, 1, 1, 1, 1, 1, 1, 1, 1, 1, 1, 1, 1, 0, 1, 1, 1, 1, 1, 1, 1, 1, 1, 1], [0, 1, 1, 1, 1, 1, 1, 1, 1, 1, 1, 1, 1, 1, 1, 1, 1, 1, 1, 1, 1, 1, 1, 1, 1, 1, 1, 1, 1, 1, 1, 1, 1, 1, 1, 1, 1, 1, 1, 1, 1, 1, 0, 1, 1, 1, 1, 1, 1, 1, 1, 1], [0, 1, 1, 1, 1, 1, 1, 1, 1, 1, 1, 1, 1, 1, 1, 1, 1, 1, 1, 1, 1, 1, 1, 1, 1, 1, 1, 1, 1, 1, 1, 1, 1, 1, 1, 1, 1, 1, 1, 1, 1, 1, 1, 0, 1, 1, 1, 1, 1, 1, 1, 1], [0, 1, 1, 1, 1, 1, 1, 1, 1, 1, 1, 1, 1, 1, 1, 1, 1, 1, 1, 1, 1, 1, 1, 1, 1, 1, 1, 1, 1, 1, 1, 1, 1, 1, 1, 1, 1, 1, 1, 1, 1, 1, 1, 1, 0, 1, 1, 1, 1, 1, 1, 1], [0, 1, 1, 1, 1, 1, 1, 1, 1, 1, 1, 1, 1, 1, 1, 1, 1, 1, 1, 1, 1, 1, 1, 1, 1, 1, 1, 1, 1, 1, 1, 1, 1, 1, 1, 1, 1, 1, 1, 1, 1, 1, 1, 1, 1, 0, 1, 1, 1, 1, 1, 1], [0, 1, 1, 1, 1, 1, 1, 1, 1, 1, 1, 1, 1, 1, 1, 1, 1, 1, 1, 1, 1, 1, 1, 1, 1, 1, 1, 1, 1, 1, 1, 1, 1, 1, 1, 1, 1, 1, 1, 1, 1, 1, 1, 1, 1, 1, 0, 1, 1, 1, 1, 1], [0, 1, 1, 1, 1, 1, 1, 1, 1, 1, 1, 1, 1, 1, 1, 1, 1, 1, 1, 1, 1, 1, 1, 1, 1, 1, 1, 1, 1, 1, 1, 1, 1, 1, 1, 1, 1, 1, 1, 1, 1, 1, 1, 1, 1, 1, 1, 0, 1, 1, 1, 1], [0, 1, 1, 1, 1, 1, 1, 1, 1, 1, 1, 1, 1, 1, 1, 1, 1, 1, 1, 1, 1, 1, 1, 1, 1, 1, 1, 1, 1, 1, 1, 1, 1, 1, 1, 1, 1, 1, 1, 1, 1, 1, 1, 1, 1, 1, 1, 1, 0, 1, 1, 1], [0, 1, 1, 1, 1, 1, 1, 1, 1, 1, 1, 1, 1, 1, 1, 1, 1, 1, 1, 1, 1, 1, 1, 1, 1, 1, 1, 1, 1, 1, 1, 1, 1, 1, 1, 1, 1, 1, 1, 1, 1, 1, 1, 1, 1, 1, 1, 1, 1, 0, 1, 1], [0, 1, 1, 1, 1, 1, 1, 1, 1, 1, 1, 1, 1, 1, 1, 1, 1, 1, 1, 1, 1, 1, 1, 1, 1, 1, 1, 1, 1, 1, 1, 1, 1, 1, 1, 1, 1, 1, 1, 1, 1, 1, 1, 1, 1, 1, 1, 1, 1, 1, 0, 1], [0, 0, 0, 0, 0, 0, 0, 0, 0, 0, 0, 0, 0, 0, 0, 0, 0, 0, 0, 0, 0, 0, 0, 0, 0, 0, 0, 0, 0, 0, 0, 0, 0, 0, 0, 0, 0, 0, 0, 0, 0, 0, 0, 0, 0, 0, 0, 0, 0, 0, 0, 0]], "coordinates": [[35.0, 35.0], [41.0, 49.0], [35.0, 17.0], [55.0, 45.0], [55.0, 20.0], [15.0, 30.0], [25.0, 30.0], [20.0, 50.0], [10.0, 43.0], [55.0, 60.0], [30.0, 60.0], [20.0, 65.0], [50.0, 35.0], [30.0, 25.0], [15.0, 10.0], [30.0, 5.0], [10.0, 20.0], [5.0, 30.0], [20.0, 40.0], [15.0, 60.0], [45.0, 65.0], [45.0, 20.0], [45.0, 10.0], [55.0, 5.0], [65.0, 35.0], [65.0, 20.0], [45.0, 30.0], [35.0, 40.0], [41.0, 37.0], [64.0, 42.0], [40.0, 60.0], [31.0, 52.0], [35.0, 69.0], [53.0, 52.0], [65.0, 55.0], [63.0, 65.0], [2.0, 60.0], [20.0, 20.0], [5.0, 5.0], [60.0, 12.0], [40.0, 25.0], [42.0, 7.0], [24.0, 12.0], [23.0, 3.0], [11.0, 14.0], [6.0, 38.0], [2.0, 48.0], [8.0, 56.0], [13.0, 52.0], [6.0, 68.0], [47.0, 47.0], [35.0, 35.0]], "vertex_count": 52}, "distances": [[0.0, 152.0, 180.0, 223.0, 250.0, 206.0, 111.0, 212.0, 262.0, 320.0, 254.0, 335.0, 150.0, 111.0, 320.0, 304.0, 291.0, 304.0, 158.0, 320.0, 316.0, 180.0, 269.0, 360.0, 300.0, 335.0, 111.0, 50.0, 63.0, 298.0, 254.0, 174.0, 340.0, 247.0, 360.0, 410.0, 414.0, 212.0, 424.0, 339.0, 111.0, 288.0, 254.0, 341.0, 318.0, 291.0, 354.0, 342.0, 278.0, 439.0, 169.0, 0.0], [152.0, 0.0, 325.0, 145.0, 322.0, 322.0, 248.0, 210.0, 315.0, 178.0, 155.0, 264.0, 166.0, 264.0, 468.0, 453.0, 424.0, 407.0, 228.0, 282.0, 164.0, 292.0, 392.0, 461.0, 277.0, 376.0, 194.0, 108.0, 120.0, 240.0, 110.0, 104.0, 208.0, 123.0, 247.0, 272.0, 405.0, 358.0, 568.0, 415.0, 240.0, 420.0, 407.0, 493.0, 460.0, 366.0, 390.0, 337.0, 281.0, 398.0, 63.0, 152.0], [180.0, 325.0, 0.0, 344.0, 202.0, 238.0, 164.0, 362.0, 360.0, 474.0, 432.0, 502.0, 234.0, 94.0, 211.0, 130.0, 251.0, 326.0, 274.0, 474.0, 490.0, 104.0, 122.0, 233.0, 349.0, 301.0, 164.0, 230.0, 208.0, 382.0, 432.0, 352.0, 520.0, 393.0, 484.0, 555.0, 542.0, 152.0, 323.0, 254.0, 94.0, 122.0, 120.0, 184.0, 241.0, 358.0, 452.0, 474.0, 413.0, 586.0, 323.0, 180.0], [223.0, 145.0, 344.0, 0.0, 250.0, 427.0, 335.0, 353.0, 450.0, 150.0, 291.0, 403.0, 111.0, 320.0, 531.0, 471.0, 514.0, 522.0, 353.0, 427.0, 223.0, 269.0, 364.0, 400.0, 141.0, 269.0, 180.0, 206.0, 161.0, 94.0, 212.0, 250.0, 312.0, 72.0, 141.0, 215.0, 550.0, 430.0, 640.0, 333.0, 250.0, 401.0, 452.0, 528.0, 538.0, 494.0, 530.0, 482.0, 425.0, 541.0, 82.0, 223.0], [250.0, 322.0, 202.0, 250.0, 0.0, 412.0, 316.0, 460.0, 505.0, 400.0, 471.0, 570.0, 158.0, 254.0, 412.0, 291.0, 450.0, 509.0, 403.0, 565.0, 460.0, 100.0, 141.0, 150.0, 180.0, 100.0, 141.0, 282.0, 220.0, 237.0, 427.0, 400.0, 529.0, 320.0, 364.0, 457.0, 664.0, 350.0, 522.0, 94.0, 158.0, 183.0, 320.0, 362.0, 444.0, 522.0, 599.0, 592.0, 528.0, 685.0, 281.0, 250.0], [206.0, 322.0, 238.0, 427.0, 412.0, 0.0, 100.0, 206.0, 139.0, 500.0, 335.0, 353.0, 353.0, 158.0, 200.0, 291.0, 111.0, 100.0, 111.0, 300.0, 460.0, 316.0, 360.0, 471.0, 502.0, 509.0, 300.0, 223.0, 269.0, 504.0, 390.0, 272.0, 438.0, 439.0, 559.0, 594.0, 326.0, 111.0, 269.0, 484.0, 254.0, 354.0, 201.0, 281.0, 164.0, 120.0, 222.0, 269.0, 220.0, 390.0, 362.0, 206.0], [111.0, 248.0, 164.0, 335.0, 316.0, 100.0, 0.0, 206.0, 198.0, 424.0, 304.0, 353.0, 254.0, 70.0, 223.0, 254.0, 180.0, 200.0, 111.0, 316.0, 403.0, 223.0, 282.0, 390.0, 403.0, 412.0, 200.0, 141.0, 174.0, 408.0, 335.0, 228.0, 402.0, 356.0, 471.0, 516.0, 378.0, 111.0, 320.0, 393.0, 158.0, 286.0, 180.0, 270.0, 212.0, 206.0, 292.0, 310.0, 250.0, 424.0, 278.0, 111.0], [212.0, 210.0, 362.0, 353.0, 460.0, 206.0, 206.0, 0.0, 122.0, 364.0, 141.0, 150.0, 335.0, 269.0, 403.0, 460.0, 316.0, 250.0, 100.0, 111.0, 291.0, 390.0, 471.0, 570.0, 474.0, 540.0, 320.0, 180.0, 246.0, 447.0, 223.0, 111.0, 242.0, 330.0, 452.0, 455.0, 205.0, 300.0, 474.0, 551.0, 320.0, 483.0, 382.0, 470.0, 371.0, 184.0, 181.0, 134.0, 72.0, 228.0, 271.0, 212.0], [262.0, 315.0, 360.0, 450.0, 505.0, 139.0, 198.0, 122.0, 0.0, 481.0, 262.0, 241.0, 407.0, 269.0, 333.0, 429.0, 230.0, 139.0, 104.0, 177.0, 413.0, 418.0, 481.0, 588.0, 555.0, 596.0, 373.0, 251.0, 315.0, 540.0, 344.0, 228.0, 360.0, 439.0, 562.0, 573.0, 187.0, 250.0, 383.0, 588.0, 349.0, 481.0, 340.0, 420.0, 290.0, 64.0, 94.0, 131.0, 94.0, 253.0, 372.0, 262.0], [320.0, 178.0, 474.0, 150.0, 400.0, 500.0, 424.0, 364.0, 481.0, 0.0, 250.0, 353.0, 254.0, 430.0, 640.0, 604.0, 602.0, 583.0, 403.0, 400.0, 111.0, 412.0, 509.0, 550.0, 269.0, 412.0, 316.0, 282.0, 269.0, 201.0, 150.0, 252.0, 219.0, 82.0, 111.0, 94.0, 530.0, 531.0, 743.0, 482.0, 380.0, 545.0, 571.0, 653.0, 636.0, 537.0, 543.0, 471.0, 427.0, 496.0, 152.0, 320.0], [254.0, 155.0, 432.0, 291.0, 471.0, 335.0, 304.0, 141.0, 262.0, 250.0, 0.0, 111.0, 320.0, 350.0, 522.0, 550.0, 447.0, 390.0, 223.0, 150.0, 158.0, 427.0, 522.0, 604.0, 430.0, 531.0, 335.0, 206.0, 254.0, 384.0, 100.0, 80.0, 102.0, 243.0, 353.0, 333.0, 280.0, 412.0, 604.0, 566.0, 364.0, 543.0, 483.0, 574.0, 497.0, 325.0, 304.0, 223.0, 187.0, 252.0, 214.0, 254.0], [335.0, 264.0, 502.0, 403.0, 570.0, 353.0, 353.0, 150.0, 241.0, 353.0, 111.0, 0.0, 424.0, 412.0, 552.0, 608.0, 460.0, 380.0, 250.0, 70.0, 250.0, 514.0, 604.0, 694.0, 540.0, 636.0, 430.0, 291.0, 350.0, 496.0, 206.0, 170.0, 155.0, 354.0, 460.0, 430.0, 186.0, 450.0, 618.0, 664.0, 447.0, 620.0, 531.0, 620.0, 517.0, 304.0, 247.0, 150.0, 147.0, 143.0, 324.0, 335.0], [150.0, 166.0, 234.0, 111.0, 158.0, 353.0, 254.0, 335.0, 407.0, 254.0, 320.0, 424.0, 0.0, 223.0, 430.0, 360.0, 427.0, 452.0, 304.0, 430.0, 304.0, 158.0, 254.0, 304.0, 150.0, 212.0, 70.0, 158.0, 92.0, 156.0, 269.0, 254.0, 371.0, 172.0, 250.0, 326.0, 541.0, 335.0, 540.0, 250.0, 141.0, 291.0, 347.0, 418.0, 442.0, 441.0, 497.0, 469.0, 407.0, 550.0, 123.0, 150.0], [111.0, 264.0, 94.0, 320.0, 254.0, 158.0, 70.0, 269.0, 269.0, 430.0, 350.0, 412.0, 223.0, 0.0, 212.0, 200.0, 206.0, 254.0, 180.0, 380.0, 427.0, 158.0, 212.0, 320.0, 364.0, 353.0, 158.0, 158.0, 162.0, 380.0, 364.0, 270.0, 442.0, 354.0, 460.0, 518.0, 448.0, 111.0, 320.0, 326.0, 100.0, 216.0, 143.0, 230.0, 219.0, 272.0, 362.0, 380.0, 319.0, 492.0, 278.0, 111.0], [320.0, 468.0, 211.0, 531.0, 412.0, 200.0, 223.0, 403.0, 333.0, 640.0, 522.0, 552.0, 430.0, 212.0, 0.0, 158.0, 111.0, 223.0, 304.0, 500.0, 626.0, 316.0, 300.0, 403.0, 559.0, 509.0, 360.0, 360.0, 374.0, 585.0, 559.0, 449.0, 622.0, 566.0, 672.0, 730.0, 516.0, 111.0, 111.0, 450.0, 291.0, 271.0, 92.0, 106.0, 56.0, 294.0, 401.0, 465.0, 420.0, 586.0, 489.0, 320.0], [304.0, 453.0, 130.0, 471.0, 291.0, 291.0, 254.0, 460.0, 429.0, 604.0, 550.0, 608.0, 360.0, 200.0, 158.0, 0.0, 250.0, 353.0, 364.0, 570.0, 618.0, 212.0, 158.0, 250.0, 460.0, 380.0, 291.0, 353.0, 338.0, 502.0, 559.0, 470.0, 641.0, 523.0, 610.0, 684.0, 617.0, 180.0, 250.0, 308.0, 223.0, 121.0, 92.0, 72.0, 210.0, 408.0, 513.0, 555.0, 499.0, 674.0, 453.0, 304.0], [291.0, 424.0, 251.0, 514.0, 450.0, 111.0, 180.0, 316.0, 230.0, 602.0, 447.0, 460.0, 427.0, 206.0, 111.0, 250.0, 0.0, 111.0, 223.0, 403.0, 570.0, 350.0, 364.0, 474.0, 570.0, 550.0, 364.0, 320.0, 353.0, 583.0, 500.0, 382.0, 550.0, 536.0, 651.0, 695.0, 407.0, 100.0, 158.0, 506.0, 304.0, 345.0, 161.0, 214.0, 60.0, 184.0, 291.0, 360.0, 321.0, 481.0, 458.0, 291.0], [304.0, 407.0, 326.0, 522.0, 509.0, 100.0, 200.0, 250.0, 139.0, 583.0, 390.0, 380.0, 452.0, 254.0, 223.0, 353.0, 111.0, 0.0, 180.0, 316.0, 531.0, 412.0, 447.0, 559.0, 602.0, 608.0, 400.0, 316.0, 366.0, 602.0, 460.0, 340.0, 492.0, 528.0, 650.0, 677.0, 301.0, 180.0, 250.0, 578.0, 353.0, 435.0, 261.0, 324.0, 170.0, 80.0, 182.0, 261.0, 234.0, 380.0, 453.0, 304.0], [158.0, 228.0, 274.0, 353.0, 403.0, 111.0, 111.0, 100.0, 104.0, 403.0, 223.0, 250.0, 304.0, 180.0, 304.0, 364.0, 223.0, 180.0, 0.0, 206.0, 353.0, 320.0, 390.0, 494.0, 452.0, 492.0, 269.0, 150.0, 212.0, 440.0, 282.0, 162.0, 326.0, 351.0, 474.0, 497.0, 269.0, 200.0, 380.0, 488.0, 250.0, 396.0, 282.0, 371.0, 275.0, 141.0, 196.0, 200.0, 138.0, 313.0, 278.0, 158.0], [320.0, 282.0, 474.0, 427.0, 565.0, 300.0, 316.0, 111.0, 177.0, 400.0, 150.0, 70.0, 430.0, 380.0, 500.0, 570.0, 403.0, 316.0, 206.0, 0.0, 304.0, 500.0, 583.0, 680.0, 559.0, 640.0, 424.0, 282.0, 347.0, 522.0, 250.0, 178.0, 219.0, 388.0, 502.0, 482.0, 130.0, 403.0, 559.0, 657.0, 430.0, 594.0, 488.0, 575.0, 461.0, 237.0, 176.0, 80.0, 82.0, 120.0, 345.0, 320.0], [316.0, 164.0, 490.0, 223.0, 460.0, 460.0, 403.0, 291.0, 413.0, 111.0, 158.0, 250.0, 304.0, 427.0, 626.0, 618.0, 570.0, 531.0, 353.0, 304.0, 0.0, 450.0, 550.0, 608.0, 360.0, 492.0, 350.0, 269.0, 282.0, 298.0, 70.0, 191.0, 107.0, 152.0, 223.0, 180.0, 432.0, 514.0, 721.0, 550.0, 403.0, 580.0, 570.0, 657.0, 612.0, 474.0, 462.0, 380.0, 345.0, 391.0, 181.0, 316.0], [180.0, 292.0, 104.0, 269.0, 100.0, 316.0, 223.0, 390.0, 418.0, 412.0, 427.0, 514.0, 158.0, 158.0, 316.0, 212.0, 350.0, 412.0, 320.0, 500.0, 450.0, 0.0, 100.0, 180.0, 250.0, 200.0, 100.0, 223.0, 174.0, 290.0, 403.0, 349.0, 500.0, 329.0, 403.0, 484.0, 587.0, 250.0, 427.0, 170.0, 70.0, 133.0, 224.0, 278.0, 345.0, 429.0, 513.0, 516.0, 452.0, 618.0, 270.0, 180.0], [269.0, 392.0, 122.0, 364.0, 141.0, 360.0, 282.0, 471.0, 481.0, 509.0, 522.0, 604.0, 254.0, 212.0, 300.0, 158.0, 364.0, 447.0, 390.0, 583.0, 550.0, 100.0, 0.0, 111.0, 320.0, 223.0, 200.0, 316.0, 272.0, 372.0, 502.0, 442.0, 598.0, 427.0, 492.0, 578.0, 659.0, 269.0, 403.0, 151.0, 158.0, 42.0, 210.0, 230.0, 342.0, 480.0, 573.0, 590.0, 528.0, 698.0, 370.0, 269.0], [360.0, 461.0, 233.0, 400.0, 150.0, 471.0, 390.0, 570.0, 588.0, 550.0, 604.0, 694.0, 304.0, 320.0, 403.0, 250.0, 474.0, 559.0, 494.0, 680.0, 608.0, 180.0, 111.0, 0.0, 316.0, 180.0, 269.0, 403.0, 349.0, 380.0, 570.0, 527.0, 670.0, 470.0, 509.0, 605.0, 763.0, 380.0, 500.0, 86.0, 250.0, 131.0, 317.0, 320.0, 449.0, 590.0, 682.0, 693.0, 630.0, 798.0, 427.0, 360.0], [300.0, 277.0, 349.0, 141.0, 180.0, 502.0, 403.0, 474.0, 555.0, 269.0, 430.0, 540.0, 150.0, 364.0, 559.0, 460.0, 570.0, 602.0, 452.0, 559.0, 360.0, 250.0, 320.0, 316.0, 0.0, 150.0, 206.0, 304.0, 240.0, 70.0, 353.0, 380.0, 453.0, 208.0, 200.0, 300.0, 677.0, 474.0, 670.0, 235.0, 269.0, 362.0, 470.0, 528.0, 579.0, 590.0, 643.0, 607.0, 547.0, 676.0, 216.0, 300.0], [335.0, 376.0, 301.0, 269.0, 100.0, 509.0, 412.0, 540.0, 596.0, 412.0, 531.0, 636.0, 212.0, 353.0, 509.0, 380.0, 550.0, 608.0, 492.0, 640.0, 492.0, 200.0, 223.0, 180.0, 150.0, 0.0, 223.0, 360.0, 294.0, 220.0, 471.0, 466.0, 574.0, 341.0, 350.0, 450.0, 746.0, 450.0, 618.0, 94.0, 254.0, 264.0, 417.0, 453.0, 543.0, 616.0, 689.0, 674.0, 610.0, 760.0, 324.0, 335.0], [111.0, 194.0, 164.0, 180.0, 141.0, 300.0, 200.0, 320.0, 373.0, 316.0, 335.0, 430.0, 70.0, 158.0, 360.0, 291.0, 364.0, 400.0, 269.0, 424.0, 350.0, 100.0, 200.0, 269.0, 206.0, 223.0, 0.0, 141.0, 80.0, 224.0, 304.0, 260.0, 402.0, 234.0, 320.0, 393.0, 524.0, 269.0, 471.0, 234.0, 70.0, 231.0, 276.0, 348.0, 375.0, 398.0, 466.0, 452.0, 388.0, 544.0, 171.0, 111.0], [50.0, 108.0, 230.0, 206.0, 282.0, 223.0, 141.0, 180.0, 251.0, 282.0, 206.0, 291.0, 158.0, 158.0, 360.0, 353.0, 320.0, 316.0, 150.0, 282.0, 269.0, 223.0, 316.0, 403.0, 304.0, 360.0, 141.0, 0.0, 67.0, 290.0, 206.0, 126.0, 290.0, 216.0, 335.0, 375.0, 385.0, 250.0, 460.0, 375.0, 158.0, 337.0, 300.0, 388.0, 353.0, 290.0, 339.0, 313.0, 250.0, 403.0, 138.0, 50.0], [63.0, 120.0, 208.0, 161.0, 220.0, 269.0, 174.0, 246.0, 315.0, 269.0, 254.0, 350.0, 92.0, 162.0, 374.0, 338.0, 353.0, 366.0, 212.0, 347.0, 282.0, 174.0, 272.0, 349.0, 240.0, 294.0, 80.0, 67.0, 0.0, 235.0, 230.0, 180.0, 325.0, 192.0, 300.0, 356.0, 452.0, 270.0, 481.0, 314.0, 120.0, 300.0, 302.0, 384.0, 378.0, 350.0, 405.0, 380.0, 317.0, 467.0, 116.0, 63.0], [298.0, 240.0, 382.0, 94.0, 237.0, 504.0, 408.0, 447.0, 540.0, 201.0, 384.0, 496.0, 156.0, 380.0, 585.0, 502.0, 583.0, 602.0, 440.0, 522.0, 298.0, 290.0, 372.0, 380.0, 70.0, 220.0, 224.0, 290.0, 235.0, 0.0, 300.0, 344.0, 396.0, 148.0, 130.0, 230.0, 645.0, 491.0, 696.0, 302.0, 294.0, 413.0, 500.0, 565.0, 599.0, 581.0, 622.0, 577.0, 519.0, 635.0, 177.0, 298.0], [254.0, 110.0, 432.0, 212.0, 427.0, 390.0, 335.0, 223.0, 344.0, 150.0, 100.0, 206.0, 269.0, 364.0, 559.0, 559.0, 500.0, 460.0, 282.0, 250.0, 70.0, 403.0, 502.0, 570.0, 353.0, 471.0, 304.0, 206.0, 230.0, 300.0, 0.0, 120.0, 102.0, 152.0, 254.0, 235.0, 380.0, 447.0, 651.0, 520.0, 350.0, 530.0, 505.0, 594.0, 543.0, 404.0, 398.0, 322.0, 281.0, 349.0, 147.0, 254.0], [174.0, 104.0, 352.0, 250.0, 400.0, 272.0, 228.0, 111.0, 228.0, 252.0, 80.0, 170.0, 254.0, 270.0, 449.0, 470.0, 382.0, 340.0, 162.0, 178.0, 191.0, 349.0, 442.0, 527.0, 380.0, 466.0, 260.0, 126.0, 180.0, 344.0, 120.0, 0.0, 174.0, 220.0, 341.0, 345.0, 300.0, 338.0, 537.0, 494.0, 284.0, 463.0, 406.0, 496.0, 429.0, 286.0, 292.0, 233.0, 180.0, 296.0, 167.0, 174.0], [340.0, 208.0, 520.0, 312.0, 529.0, 438.0, 402.0, 242.0, 360.0, 219.0, 102.0, 155.0, 371.0, 442.0, 622.0, 641.0, 550.0, 492.0, 326.0, 219.0, 107.0, 500.0, 598.0, 670.0, 453.0, 574.0, 402.0, 290.0, 325.0, 396.0, 102.0, 174.0, 0.0, 247.0, 331.0, 282.0, 342.0, 512.0, 706.0, 622.0, 442.0, 623.0, 580.0, 670.0, 600.0, 424.0, 391.0, 299.0, 278.0, 290.0, 250.0, 340.0], [247.0, 123.0, 393.0, 72.0, 320.0, 439.0, 356.0, 330.0, 439.0, 82.0, 243.0, 354.0, 172.0, 354.0, 566.0, 523.0, 536.0, 528.0, 351.0, 388.0, 152.0, 329.0, 427.0, 470.0, 208.0, 341.0, 234.0, 216.0, 192.0, 148.0, 152.0, 220.0, 247.0, 0.0, 123.0, 164.0, 516.0, 459.0, 671.0, 406.0, 299.0, 463.0, 494.0, 574.0, 566.0, 490.0, 511.0, 451.0, 400.0, 496.0, 78.0, 247.0], [360.0, 247.0, 484.0, 141.0, 364.0, 559.0, 471.0, 452.0, 562.0, 111.0, 353.0, 460.0, 250.0, 460.0, 672.0, 610.0, 651.0, 650.0, 474.0, 502.0, 223.0, 403.0, 492.0, 509.0, 200.0, 350.0, 320.0, 335.0, 300.0, 130.0, 254.0, 341.0, 331.0, 123.0, 0.0, 101.0, 631.0, 570.0, 781.0, 432.0, 390.0, 532.0, 594.0, 668.0, 678.0, 614.0, 633.0, 570.0, 520.0, 604.0, 196.0, 360.0], [410.0, 272.0, 555.0, 215.0, 457.0, 594.0, 516.0, 455.0, 573.0, 94.0, 333.0, 430.0, 326.0, 518.0, 730.0, 684.0, 695.0, 677.0, 497.0, 482.0, 180.0, 484.0, 578.0, 605.0, 300.0, 450.0, 393.0, 375.0, 356.0, 230.0, 235.0, 345.0, 282.0, 164.0, 101.0, 0.0, 612.0, 622.0, 834.0, 530.0, 461.0, 616.0, 658.0, 737.0, 728.0, 630.0, 633.0, 557.0, 516.0, 570.0, 240.0, 410.0], [414.0, 405.0, 542.0, 550.0, 664.0, 326.0, 378.0, 205.0, 187.0, 530.0, 280.0, 186.0, 541.0, 448.0, 516.0, 617.0, 407.0, 301.0, 269.0, 130.0, 432.0, 587.0, 659.0, 763.0, 677.0, 746.0, 524.0, 385.0, 452.0, 645.0, 380.0, 300.0, 342.0, 516.0, 631.0, 612.0, 0.0, 438.0, 550.0, 752.0, 516.0, 664.0, 528.0, 607.0, 468.0, 223.0, 120.0, 72.0, 136.0, 89.0, 468.0, 414.0], [212.0, 358.0, 152.0, 430.0, 350.0, 111.0, 111.0, 300.0, 250.0, 531.0, 412.0, 450.0, 335.0, 111.0, 111.0, 180.0, 100.0, 180.0, 200.0, 403.0, 514.0, 250.0, 269.0, 380.0, 474.0, 450.0, 269.0, 250.0, 270.0, 491.0, 447.0, 338.0, 512.0, 459.0, 570.0, 622.0, 438.0, 0.0, 212.0, 407.0, 206.0, 255.0, 89.0, 172.0, 108.0, 228.0, 332.0, 379.0, 327.0, 500.0, 381.0, 212.0], [424.0, 568.0, 323.0, 640.0, 522.0, 269.0, 320.0, 474.0, 383.0, 743.0, 604.0, 618.0, 540.0, 320.0, 111.0, 250.0, 158.0, 250.0, 380.0, 559.0, 721.0, 427.0, 403.0, 500.0, 670.0, 618.0, 471.0, 460.0, 481.0, 696.0, 651.0, 537.0, 706.0, 671.0, 781.0, 834.0, 550.0, 212.0, 0.0, 554.0, 403.0, 370.0, 202.0, 181.0, 108.0, 330.0, 431.0, 510.0, 476.0, 630.0, 593.0, 424.0], [339.0, 415.0, 254.0, 333.0, 94.0, 484.0, 393.0, 551.0, 588.0, 482.0, 566.0, 664.0, 250.0, 326.0, 450.0, 308.0, 506.0, 578.0, 488.0, 657.0, 550.0, 170.0, 151.0, 86.0, 235.0, 94.0, 234.0, 375.0, 314.0, 302.0, 520.0, 494.0, 622.0, 406.0, 432.0, 530.0, 752.0, 407.0, 554.0, 0.0, 238.0, 186.0, 360.0, 380.0, 490.0, 599.0, 682.0, 681.0, 617.0, 777.0, 373.0, 339.0], [111.0, 240.0, 94.0, 250.0, 158.0, 254.0, 158.0, 320.0, 349.0, 380.0, 364.0, 447.0, 141.0, 100.0, 291.0, 223.0, 304.0, 353.0, 250.0, 430.0, 403.0, 70.0, 158.0, 250.0, 269.0, 254.0, 70.0, 158.0, 120.0, 294.0, 350.0, 284.0, 442.0, 299.0, 390.0, 461.0, 516.0, 206.0, 403.0, 238.0, 0.0, 181.0, 206.0, 278.0, 310.0, 364.0, 444.0, 445.0, 381.0, 548.0, 230.0, 111.0], [288.0, 420.0, 122.0, 401.0, 183.0, 354.0, 286.0, 483.0, 481.0, 545.0, 543.0, 620.0, 291.0, 216.0, 271.0, 121.0, 345.0, 435.0, 396.0, 594.0, 580.0, 133.0, 42.0, 131.0, 362.0, 264.0, 231.0, 337.0, 300.0, 413.0, 530.0, 463.0, 623.0, 463.0, 532.0, 616.0, 664.0, 255.0, 370.0, 186.0, 181.0, 0.0, 186.0, 194.0, 317.0, 475.0, 572.0, 596.0, 535.0, 708.0, 403.0, 288.0], [254.0, 407.0, 120.0, 452.0, 320.0, 201.0, 180.0, 382.0, 340.0, 571.0, 483.0, 531.0, 347.0, 143.0, 92.0, 92.0, 161.0, 261.0, 282.0, 488.0, 570.0, 224.0, 210.0, 317.0, 470.0, 417.0, 276.0, 300.0, 302.0, 500.0, 505.0, 406.0, 580.0, 494.0, 594.0, 658.0, 528.0, 89.0, 202.0, 360.0, 206.0, 186.0, 0.0, 90.0, 131.0, 316.0, 421.0, 468.0, 414.0, 588.0, 418.0, 254.0], [341.0, 493.0, 184.0, 528.0, 362.0, 281.0, 270.0, 470.0, 420.0, 653.0, 574.0, 620.0, 418.0, 230.0, 106.0, 72.0, 214.0, 324.0, 371.0, 575.0, 657.0, 278.0, 230.0, 320.0, 528.0, 453.0, 348.0, 388.0, 384.0, 565.0, 594.0, 496.0, 670.0, 574.0, 668.0, 737.0, 607.0, 172.0, 181.0, 380.0, 278.0, 194.0, 90.0, 0.0, 162.0, 389.0, 496.0, 550.0, 500.0, 671.0, 501.0, 341.0], [318.0, 460.0, 241.0, 538.0, 444.0, 164.0, 212.0, 371.0, 290.0, 636.0, 497.0, 517.0, 442.0, 219.0, 56.0, 210.0, 60.0, 170.0, 275.0, 461.0, 612.0, 345.0, 342.0, 449.0, 579.0, 543.0, 375.0, 353.0, 378.0, 599.0, 543.0, 429.0, 600.0, 566.0, 678.0, 728.0, 468.0, 108.0, 108.0, 490.0, 310.0, 317.0, 131.0, 162.0, 0.0, 245.0, 351.0, 421.0, 380.0, 542.0, 488.0, 318.0], [291.0, 366.0, 358.0, 494.0, 522.0, 120.0, 206.0, 184.0, 64.0, 537.0, 325.0, 304.0, 441.0, 272.0, 294.0, 408.0, 184.0, 80.0, 141.0, 237.0, 474.0, 429.0, 480.0, 590.0, 590.0, 616.0, 398.0, 290.0, 350.0, 581.0, 404.0, 286.0, 424.0, 490.0, 614.0, 630.0, 223.0, 228.0, 330.0, 599.0, 364.0, 475.0, 316.0, 389.0, 245.0, 0.0, 107.0, 181.0, 156.0, 300.0, 419.0, 291.0], [354.0, 390.0, 452.0, 530.0, 599.0, 222.0, 292.0, 181.0, 94.0, 543.0, 304.0, 247.0, 497.0, 362.0, 401.0, 513.0, 291.0, 182.0, 196.0, 176.0, 462.0, 513.0, 573.0, 682.0, 643.0, 689.0, 466.0, 339.0, 405.0, 622.0, 398.0, 292.0, 391.0, 511.0, 633.0, 633.0, 120.0, 332.0, 431.0, 682.0, 444.0, 572.0, 421.0, 496.0, 351.0, 107.0, 0.0, 100.0, 117.0, 203.0, 450.0, 354.0], [342.0, 337.0, 474.0, 482.0, 592.0, 269.0, 310.0, 134.0, 131.0, 471.0, 223.0, 150.0, 469.0, 380.0, 465.0, 555.0, 360.0, 261.0, 200.0, 80.0, 380.0, 516.0, 590.0, 693.0, 607.0, 674.0, 452.0, 313.0, 380.0, 577.0, 322.0, 233.0, 299.0, 451.0, 570.0, 557.0, 72.0, 379.0, 510.0, 681.0, 445.0, 596.0, 468.0, 550.0, 421.0, 181.0, 100.0, 0.0, 64.0, 121.0, 400.0, 342.0], [278.0, 281.0, 413.0, 425.0, 528.0, 220.0, 250.0, 72.0, 94.0, 427.0, 187.0, 147.0, 407.0, 319.0, 420.0, 499.0, 321.0, 234.0, 138.0, 82.0, 345.0, 452.0, 528.0, 630.0, 547.0, 610.0, 388.0, 250.0, 317.0, 519.0, 281.0, 180.0, 278.0, 400.0, 520.0, 516.0, 136.0, 327.0, 476.0, 617.0, 381.0, 535.0, 414.0, 500.0, 380.0, 156.0, 117.0, 64.0, 0.0, 174.0, 343.0, 278.0], [439.0, 398.0, 586.0, 541.0, 685.0, 390.0, 424.0, 228.0, 253.0, 496.0, 252.0, 143.0, 550.0, 492.0, 586.0, 674.0, 481.0, 380.0, 313.0, 120.0, 391.0, 618.0, 698.0, 798.0, 676.0, 760.0, 544.0, 403.0, 467.0, 635.0, 349.0, 296.0, 290.0, 496.0, 604.0, 570.0, 89.0, 500.0, 630.0, 777.0, 548.0, 708.0, 588.0, 671.0, 542.0, 300.0, 203.0, 121.0, 174.0, 0.0, 460.0, 439.0], [169.0, 63.0, 323.0, 82.0, 281.0, 362.0, 278.0, 271.0, 372.0, 152.0, 214.0, 324.0, 123.0, 278.0, 489.0, 453.0, 458.0, 453.0, 278.0, 345.0, 181.0, 270.0, 370.0, 427.0, 216.0, 324.0, 171.0, 138.0, 116.0, 177.0, 147.0, 167.0, 250.0, 78.0, 196.0, 240.0, 468.0, 381.0, 593.0, 373.0, 230.0, 403.0, 418.0, 501.0, 488.0, 419.0, 450.0, 400.0, 343.0, 460.0, 0.0, 169.0], [0.0, 152.0, 180.0, 223.0, 250.0, 206.0, 111.0, 212.0, 262.0, 320.0, 254.0, 335.0, 150.0, 111.0, 320.0, 304.0, 291.0, 304.0, 158.0, 320.0, 316.0, 180.0, 269.0, 360.0, 300.0, 335.0, 111.0, 50.0, 63.0, 298.0, 254.0, 174.0, 340.0, 247.0, 360.0, 410.0, 414.0, 212.0, 424.0, 339.0, 111.0, 288.0, 254.0, 341.0, 318.0, 291.0, 354.0, 342.0, 278.0, 439.0, 169.0, 0.0]], "end_depot": 51, "horizon": [0.0, 10000.0], "instance_name": "R205_50_C", "profits": [0.0, 293.1070873550175, 186.6031037127477, 137.88772550648497, 146.1513366219452, 232.0, 209.49898922556656, 249.80734477415496, 104.73464681908132, 259.3385057738946, 181.80604052641092, 254.18648438863875, 181.02559830130502, 141.20068351583032, 204.56492734462068, 123.24970712496906, 195.2894913825989, 296.90910368463767, 162.08866955170157, 165.61080457760647, 167.61507338518646, 202.27747085192263, 126.70042585034614, 203.8059405742364, 260.02963152710254, 513.2893289082479, 159.5991148845729, 155.9999970000017, 166.38475597877868, 251.71144012884952, 266.83311958344007, 187.42856163268107, 235.56617447917205, 370.4009030971713, 159.8498499252246, 323.89333414727616, 239.20125699917685, 241.4488067484259, 310.5144415379349, 493.90393170305197, 186.41658566884396, 204.80231581812487, 269.33188367473736, 438.70127335233065, 133.86176245747134, 245.22107804613955, 253.22976526937646, 367.10503581217955, 435.52625184001243, 337.36863913736056, 138.59290827293415, 0.0], "service_times": [0.0, 100.0, 100.0, 100.0, 100.0, 100.0, 100.0, 100.0, 100.0, 100.0, 100.0, 100.0, 100.0, 100.0, 100.0, 100.0, 100.0, 100.0, 100.0, 100.0, 100.0, 100.0, 100.0, 100.0, 100.0, 100.0, 100.0, 100.0, 100.0, 100.0, 100.0, 100.0, 100.0, 100.0, 100.0, 100.0, 100.0, 100.0, 100.0, 100.0, 100.0, 100.0, 100.0, 100.0, 100.0, 100.0, 100.0, 100.0, 100.0, 100.0, 100.0, 0.0], "speed_zone_count": 5, "speed_zones": [[0.0, 2000.0], [2000.0, 3000.0], [3000.0, 7000.0], [7000.0, 8000.0], [8000.0, 10000.0]], "sr_cuts": [], "sr_duals": [], "start_depot": 0, "time_windows": [[0.0, 10000.0], [6580.0, 8980.0], [930.0, 3330.0], [4360.0, 6760.0], [6200.0, 8600.0], [200.0, 2600.0], [3450.0, 5850.0], [2510.0, 4910.0], [3230.0, 5630.0], [3290.0, 5690.0], [4850.0, 7250.0], [1460.0, 3860.0], [1670.0, 4070.0], [6390.0, 8790.0], [320.0, 2720.0], [1180.0, 3580.0], [2030.0, 4430.0], [6820.0, 9220.0], [2860.0, 5260.0], [2040.0, 4440.0], [5040.0, 7440.0], [1530.0, 3930.0], [3320.0, 5720.0], [1460.0, 3860.0], [6560.0, 8960.0], [7160.0, 9560.0], [5080.0, 7480.0], [600.0, 3000.0], [650.0, 3050.0], [1320.0, 3720.0], [1870.0, 4270.0], [940.0, 3340.0], [5990.0, 8390.0], [240.0, 2640.0], [4520.0, 6920.0], [6300.0, 8700.0], [410.0, 2810.0], [5300.0, 7700.0], [2340.0, 4740.0], [330.0, 2730.0], [2790.0, 5190.0], [3340.0, 5740.0], [250.0, 2650.0], [5430.0, 7830.0], [1670.0, 4070.0], [290.0, 2690.0], [4520.0, 6920.0], [480.0, 2880.0], [7200.0, 9600.0], [4010.0, 6410.0], [4750.0, 7150.0], [0.0, 10000.0]], "vehicle_count": 50}