{"capacity": 1000, "cluster_count": 3, "cluster_speeds": [[1, 0.333333, 0.666667, 0.5, 0.833333], [1.16667, 0.666667, 1.33333, 0.833333, 1], [1.5, 1, 1.66667, 1.16667, 1.33333]], "clusters": [[0, 1, 2, 1, 2, 0, 2, 0, 0, 0, 2, 0, 1, 0, 0, 0, 2, 2, 1, 2, 1, 2, 0, 1, 2, 0, 0], [0, 0, 2, 2, 2, 1, 0, 2, 1, 2, 0, 1, 0, 0, 2, 0, 2, 1, 0, 0, 2, 1, 2, 1, 1, 2, 1], [0, 2, 0, 1, 1, 1, 1, 0, 0, 1, 2, 0, 2, 2, 0, 2, 0, 1, 2, 1, 1, 1, 0, 2, 2, 2, 2], [0, 2, 1, 0, 1, 1, 1, 2, 1, 1, 0, 0, 1, 2, 1, 2, 2, 0, 0, 2, 0, 2, 1, 1, 2, 0, 2], [0, 2, 1, 1, 0, 1, 1, 0, 0, 2, 1, 1, 2, 2, 2, 0, 2, 1, 2, 0, 2, 0, 0, 1, 2, 2, 1], [0, 1, 1, 1, 1, 0, 2, 2, 2, 1, 0, 1, 2, 1, 1, 2, 1, 1, 0, 2, 2, 2, 0, 2, 1, 1, 2], [0, 0, 1, 1, 1, 2, 0, 1, 2, 1, 0, 1, 0, 0, 2, 1, 2, 1, 0, 1, 0, 0, 2, 2, 2, 2, 0], [0, 2, 0, 2, 0, 2, 1, 0, 0, 1, 2, 0, 0, 2, 1, 2, 2, 0, 1, 0, 2, 1, 1, 2, 1, 2, 2], [0, 1, 0, 1, 0, 2, 2, 0, 0, 0, 1, 0, 1, 0, 1, 1, 2, 1, 1, 2, 2, 1, 1, 1, 2, 1, 0], [0, 2, 1, 1, 2, 1, 1, 1, 0, 0, 2, 0, 0, 1, 0, 2, 0, 0, 2, 1, 1, 2, 2, 1, 2, 0, 0], [0, 0, 2, 0, 1, 0, 0, 2, 1, 2, 0, 1, 0, 0, 0, 2, 1, 2, 2, 2, 1, 0, 2, 2, 2, 1, 1], [0, 1, 0, 0, 1, 1, 1, 0, 0, 0, 1, 0, 2, 0, 1, 0, 2, 1, 0, 2, 0, 2, 2, 0, 0, 1, 1], [0, 0, 2, 1, 2, 2, 0, 0, 1, 0, 0, 2, 0, 2, 1, 2, 1, 1, 2, 2, 0, 1, 0, 0, 1, 1, 1], [0, 0, 2, 2, 2, 1, 0, 2, 0, 1, 0, 0, 2, 0, 0, 0, 0, 0, 1, 2, 2, 0, 2, 2, 1, 2, 2], [0, 2, 0, 1, 2, 1, 2, 1, 1, 0, 0, 1, 1, 0, 0, 1, 2, 2, 0, 0, 2, 2, 2, 1, 0, 1, 0], [0, 0, 2, 2, 0, 2, 1, 2, 1, 2, 2, 0, 2, 0, 1, 0, 0, 0, 0, 1, 2, 0, 2, 2, 0, 2, 2], [0, 2, 0, 2, 2, 1, 2, 2, 2, 0, 1, 2, 1, 0, 2, 0, 0, 1, 1, 1, 1, 2, 2, 1, 2, 1, 2], [0, 1, 1, 0, 1, 1, 1, 0, 1, 0, 2, 1, 1, 0, 2, 0, 1, 0, 1, 2, 2, 0, 2, 2, 1, 0, 1], [0, 0, 2, 0, 2, 0, 0, 1, 1, 2, 2, 0, 2, 1, 0, 0, 1, 1, 0, 0, 2, 0, 0, 0, 2, 0, 1], [0, 0, 1, 2, 0, 2, 1, 0, 2, 1, 2, 2, 2, 2, 0, 1, 1, 2, 0, 0, 1, 0, 1, 1, 2, 2, 2], [0, 2, 1, 0, 2, 2, 0, 2, 2, 1, 1, 0, 0, 2, 2, 2, 1, 2, 2, 1, 0, 2, 2, 0, 1, 0, 0], [0, 1, 1, 2, 0, 2, 0, 1, 1, 2, 0, 2, 1, 0, 2, 0, 2, 0, 0, 0, 2, 0, 1, 0, 2, 2, 0], [0, 2, 0, 1, 0, 0, 2, 1, 1, 2, 2, 2, 0, 2, 2, 2, 2, 2, 0, 1, 2, 1, 0, 1, 2, 0, 2], [0, 1, 2, 1, 1, 2, 2, 2, 1, 1, 2, 0, 0, 2, 1, 2, 1, 2, 0, 1, 0, 0, 1, 0, 2, 2, 2], [0, 1, 2, 2, 2, 1, 2, 1, 2, 2, 2, 0, 1, 1, 0, 0, 2, 1, 2, 2, 1, 2, 2, 2, 0, 1, 1], [0, 2, 2, 0, 2, 1, 2, 2, 1, 0, 1, 1, 1, 2, 1, 2, 1, 0, 0, 2, 0, 2, 0, 2, 1, 0, 1], [0, 0, 0, 0, 0, 0, 0, 0, 0, 0, 0, 0, 0, 0, 0, 0, 0, 0, 0, 0, 0, 0, 0, 0, 0, 0, 0]], "dataset_name": "networks_2019", "demands": [0, 20, 30, 10, 40, 20, 20, 20, 10, 20, 30, 40, 20, 10, 10, 20, 20, 20, 20, 40, 10, 10, 40, 30, 10, 20, 0], "digraph": {"arc_count": 650, "arcs": [[0, 1, 1, 1, 1, 1, 1, 1, 1, 1, 1, 1, 1, 1, 1, 1, 1, 1, 1, 1, 1, 1, 1, 1, 1, 1, 0], [0, 0, 1, 1, 1, 1, 1, 1, 1, 1, 1, 1, 1, 1, 1, 1, 1, 1, 1, 1, 1, 1, 1, 1, 1, 1, 1], [0, 1, 0, 1, 1, 1, 1, 1, 1, 1, 1, 1, 1, 1, 1, 1, 1, 1, 1, 1, 1, 1, 1, 1, 1, 1, 1], [0, 1, 1, 0, 1, 1, 1, 1, 1, 1, 1, 1, 1, 1, 1, 1, 1, 1, 1, 1, 1, 1, 1, 1, 1, 1, 1], [0, 1, 1, 1, 0, 1, 1, 1, 1, 1, 1, 1, 1, 1, 1, 1, 1, 1, 1, 1, 1, 1, 1, 1, 1, 1, 1], [0, 1, 1, 1, 1, 0, 1, 1, 1, 1, 1, 1, 1, 1, 1, 1, 1, 1, 1, 1, 1, 1, 1, 1, 1, 1, 1], [0, 1, 1, 1, 1, 1, 0, 1, 1, 1, 1, 1, 1, 1, 1, 1, 1, 1, 1, 1, 1, 1, 1, 1, 1, 1, 1], [0, 1, 1, 1, 1, 1, 1, 0, 1, 1, 1, 1, 1, 1, 1, 1, 1, 1, 1, 1, 1, 1, 1, 1, 1, 1, 1], [0, 1, 1, 1, 1, 1, 1, 1, 0, 1, 1, 1, 1, 1, 1, 1, 1, 1, 1, 1, 1, 1, 1, 1, 1, 1, 1], [0, 1, 1, 1, 1, 1, 1, 1, 1, 0, 1, 1, 1, 1, 1, 1, 1, 1, 1, 1, 1, 1, 1, 1, 1, 1, 1], [0, 1, 1, 1, 1, 1, 1, 1, 1, 1, 0, 1, 1, 1, 1, 1, 1, 1, 1, 1, 1, 1, 1, 1, 1, 1, 1], [0, 1, 1, 1, 1, 1, 1, 1, 1, 1, 1, 0, 1, 1, 1, 1, 1, 1, 1, 1, 1, 1, 1, 1, 1, 1, 1], [0, 1, 1, 1, 1, 1, 1, 1, 1, 1, 1, 1, 0, 1, 1, 1, 1, 1, 1, 1, 1, 1, 1, 1, 1, 1, 1], [0, 1, 1, 1, 1, 1, 1, 1, 1, 1, 1, 1, 1, 0, 1, 1, 1, 1, 1, 1, 1, 1, 1, 1, 1, 1, 1], [0, 1, 1, 1, 1, 1, 1, 1, 1, 1, 1, 1, 1, 1, 0, 1, 1, 1, 1, 1, 1, 1, 1, 1, 1, 1, 1], [0, 1, 1, 1, 1, 1, 1, 1, 1, 1, 1, 1, 1, 1, 1, 0, 1, 1, 1, 1, 1, 1, 1, 1, 1, 1, 1], [0, 1, 1, 1, 1, 1, 1, 1, 1, 1, 1, 1, 1, 1, 1, 1, 0, 1, 1, 1, 1, 1, 1, 1, 1, 1, 1], [0, 1, 1, 1, 1, 1, 1, 1, 1, 1, 1, 1, 1, 1, 1, 1, 1, 0, 1, 1, 1, 1, 1, 1, 1, 1, 1], [0, 1, 1, 1, 1, 1, 1, 1, 1, 1, 1, 1, 1, 1, 1, 1, 1, 1, 0, 1, 1, 1, 1, 1, 1, 1, 1], [0, 1, 1, 1, 1, 1, 1, 1, 1, 1, 1, 1, 1, 1, 1, 1, 1, 1, 1, 0, 1, 1, 1, 1, 1, 1, 1], [0, 1, 1, 1, 1, 1, 1, 1, 1, 1, 1, 1, 1, 1, 1, 1, 1, 1, 1, 1, 0, 1, 1, 1, 1, 1, 1], [0, 1, 1, 1, 1, 1, 1, 1, 1, 1, 1, 1, 1, 1, 1, 1, 1, 1, 1, 1, 1, 0, 1, 1, 1, 1, 1], [0, 1, 1, 1, 1, 1, 1, 1, 1, 1, 1, 1, 1, 1, 1, 1, 1, 1, 1, 1, 1, 1, 0, 1, 1, 1, 1], [0, 1, 1, 1, 1, 1, 1, 1, 1, 1, 1, 1, 1, 1, 1, 1, 1, 1, 1, 1, 1, 1, 1, 0, 1, 1, 1], [0, 1, 1, 1, 1, 1, 1, 1, 1, 1, 1, 1, 1, 1, 1, 1, 1, 1, 1, 1, 1, 1, 1, 1, 0, 1, 1], [0, 1, 1, 1, 1, 1, 1, 1, 1, 1, 1, 1, 1, 1, 1, 1, 1, 1, 1, 1, 1, 1, 1, 1, 1, 0, 1], [0, 0, 0, 0, 0, 0, 0, 0, 0, 0, 0, 0, 0, 0, 0, 0, 0, 0, 0, 0, 0, 0, 0, 0, 0, 0, 0]], "coordinates": [[40.0, 50.0], [25.0, 85.0], [22.0, 75.0], [22.0, 85.0], [20.0, 80.0], [20.0, 85.0], [18.0, 75.0], [15.0, 75.0], [15.0, 80.0], [10.0, 35.0], [10.0, 40.0], [8.0, 40.0], [8.0, 45.0], [5.0, 35.0], [5.0, 45.0], [2.0, 40.0], [0.0, 40.0], [0.0, 45.0], [44.0, 5.0], [42.0, 10.0], [42.0, 15.0], [40.0, 5.0], [40.0, 15.0], [38.0, 5.0], [38.0, 15.0], [35.0, 5.0], [40.0, 50.0]], "vertex_count": 27}, "distances": [[0.0, 380.0, 308.0, 393.0, 360.0, 403.0, 333.0, 353.0, 390.0, 335.0, 316.0, 335.0, 323.0, 380.0, 353.0, 392.0, 412.0, 403.0, 451.0, 400.0, 350.0, 450.0, 350.0, 450.0, 350.0, 452.0, 0.0], [380.0, 0.0, 104.0, 30.0, 70.0, 50.0, 122.0, 141.0, 111.0, 522.0, 474.0, 481.0, 434.0, 538.0, 447.0, 505.0, 514.0, 471.0, 822.0, 769.0, 720.0, 813.0, 715.0, 810.0, 711.0, 806.0, 380.0], [308.0, 104.0, 0.0, 100.0, 53.0, 101.0, 40.0, 70.0, 86.0, 417.0, 370.0, 376.0, 331.0, 434.0, 344.0, 403.0, 413.0, 372.0, 733.0, 680.0, 632.0, 722.0, 626.0, 718.0, 620.0, 711.0, 308.0], [393.0, 30.0, 100.0, 0.0, 53.0, 20.0, 107.0, 122.0, 86.0, 514.0, 465.0, 471.0, 423.0, 528.0, 434.0, 492.0, 500.0, 456.0, 829.0, 776.0, 728.0, 820.0, 722.0, 815.0, 718.0, 810.0, 393.0], [360.0, 70.0, 53.0, 53.0, 0.0, 50.0, 53.0, 70.0, 50.0, 460.0, 412.0, 417.0, 370.0, 474.0, 380.0, 438.0, 447.0, 403.0, 787.0, 733.0, 686.0, 776.0, 680.0, 771.0, 674.0, 764.0, 360.0], [403.0, 50.0, 101.0, 20.0, 50.0, 0.0, 101.0, 111.0, 70.0, 509.0, 460.0, 465.0, 417.0, 522.0, 427.0, 484.0, 492.0, 447.0, 835.0, 781.0, 733.0, 824.0, 728.0, 820.0, 722.0, 813.0, 403.0], [333.0, 122.0, 40.0, 107.0, 53.0, 101.0, 0.0, 30.0, 58.0, 407.0, 359.0, 364.0, 316.0, 420.0, 326.0, 384.0, 393.0, 349.0, 746.0, 692.0, 646.0, 733.0, 639.0, 728.0, 632.0, 720.0, 333.0], [353.0, 141.0, 70.0, 122.0, 70.0, 111.0, 30.0, 0.0, 50.0, 403.0, 353.0, 356.0, 308.0, 412.0, 316.0, 373.0, 380.0, 335.0, 757.0, 703.0, 657.0, 743.0, 650.0, 736.0, 642.0, 728.0, 353.0], [390.0, 111.0, 86.0, 86.0, 50.0, 70.0, 58.0, 50.0, 0.0, 452.0, 403.0, 406.0, 356.0, 460.0, 364.0, 420.0, 427.0, 380.0, 804.0, 750.0, 703.0, 790.0, 696.0, 784.0, 689.0, 776.0, 390.0], [335.0, 522.0, 417.0, 514.0, 460.0, 509.0, 407.0, 403.0, 452.0, 0.0, 50.0, 53.0, 101.0, 50.0, 111.0, 94.0, 111.0, 141.0, 453.0, 406.0, 377.0, 424.0, 360.0, 410.0, 344.0, 390.0, 335.0], [316.0, 474.0, 370.0, 465.0, 412.0, 460.0, 359.0, 353.0, 403.0, 50.0, 0.0, 20.0, 53.0, 70.0, 70.0, 80.0, 100.0, 111.0, 487.0, 438.0, 406.0, 460.0, 390.0, 448.0, 375.0, 430.0, 316.0], [335.0, 481.0, 376.0, 471.0, 417.0, 465.0, 364.0, 356.0, 406.0, 53.0, 20.0, 0.0, 50.0, 58.0, 58.0, 60.0, 80.0, 94.0, 502.0, 453.0, 422.0, 474.0, 406.0, 460.0, 390.0, 442.0, 335.0], [323.0, 434.0, 331.0, 423.0, 370.0, 417.0, 316.0, 308.0, 356.0, 101.0, 53.0, 50.0, 0.0, 104.0, 30.0, 78.0, 94.0, 80.0, 538.0, 487.0, 453.0, 512.0, 438.0, 500.0, 424.0, 482.0, 323.0], [380.0, 538.0, 434.0, 528.0, 474.0, 522.0, 420.0, 412.0, 460.0, 50.0, 70.0, 58.0, 104.0, 0.0, 100.0, 58.0, 70.0, 111.0, 492.0, 446.0, 420.0, 460.0, 403.0, 445.0, 385.0, 424.0, 380.0], [353.0, 447.0, 344.0, 434.0, 380.0, 427.0, 326.0, 316.0, 364.0, 111.0, 70.0, 58.0, 30.0, 100.0, 0.0, 58.0, 70.0, 50.0, 558.0, 509.0, 476.0, 531.0, 460.0, 518.0, 445.0, 500.0, 353.0], [392.0, 505.0, 403.0, 492.0, 438.0, 484.0, 384.0, 373.0, 420.0, 94.0, 80.0, 60.0, 78.0, 58.0, 58.0, 0.0, 20.0, 53.0, 546.0, 500.0, 471.0, 516.0, 454.0, 502.0, 438.0, 481.0, 392.0], [412.0, 514.0, 413.0, 500.0, 447.0, 492.0, 393.0, 380.0, 427.0, 111.0, 100.0, 80.0, 94.0, 70.0, 70.0, 20.0, 0.0, 50.0, 562.0, 516.0, 488.0, 531.0, 471.0, 516.0, 454.0, 494.0, 412.0], [403.0, 471.0, 372.0, 456.0, 403.0, 447.0, 349.0, 335.0, 380.0, 141.0, 111.0, 94.0, 80.0, 111.0, 50.0, 53.0, 50.0, 0.0, 594.0, 546.0, 516.0, 565.0, 500.0, 551.0, 484.0, 531.0, 403.0], [451.0, 822.0, 733.0, 829.0, 787.0, 835.0, 746.0, 757.0, 804.0, 453.0, 487.0, 502.0, 538.0, 492.0, 558.0, 546.0, 562.0, 594.0, 0.0, 53.0, 101.0, 40.0, 107.0, 60.0, 116.0, 90.0, 451.0], [400.0, 769.0, 680.0, 776.0, 733.0, 781.0, 692.0, 703.0, 750.0, 406.0, 438.0, 453.0, 487.0, 446.0, 509.0, 500.0, 516.0, 546.0, 53.0, 0.0, 50.0, 53.0, 53.0, 64.0, 64.0, 86.0, 400.0], [350.0, 720.0, 632.0, 728.0, 686.0, 733.0, 646.0, 657.0, 703.0, 377.0, 406.0, 422.0, 453.0, 420.0, 476.0, 471.0, 488.0, 516.0, 101.0, 50.0, 0.0, 101.0, 20.0, 107.0, 40.0, 122.0, 350.0], [450.0, 813.0, 722.0, 820.0, 776.0, 824.0, 733.0, 743.0, 790.0, 424.0, 460.0, 474.0, 512.0, 460.0, 531.0, 516.0, 531.0, 565.0, 40.0, 53.0, 101.0, 0.0, 100.0, 20.0, 101.0, 50.0, 450.0], [350.0, 715.0, 626.0, 722.0, 680.0, 728.0, 639.0, 650.0, 696.0, 360.0, 390.0, 406.0, 438.0, 403.0, 460.0, 454.0, 471.0, 500.0, 107.0, 53.0, 20.0, 100.0, 0.0, 101.0, 20.0, 111.0, 350.0], [450.0, 810.0, 718.0, 815.0, 771.0, 820.0, 728.0, 736.0, 784.0, 410.0, 448.0, 460.0, 500.0, 445.0, 518.0, 502.0, 516.0, 551.0, 60.0, 64.0, 107.0, 20.0, 101.0, 0.0, 100.0, 30.0, 450.0], [350.0, 711.0, 620.0, 718.0, 674.0, 722.0, 632.0, 642.0, 689.0, 344.0, 375.0, 390.0, 424.0, 385.0, 445.0, 438.0, 454.0, 484.0, 116.0, 64.0, 40.0, 101.0, 20.0, 100.0, 0.0, 104.0, 350.0], [452.0, 806.0, 711.0, 810.0, 764.0, 813.0, 720.0, 728.0, 776.0, 390.0, 430.0, 442.0, 482.0, 424.0, 500.0, 481.0, 494.0, 531.0, 90.0, 86.0, 122.0, 50.0, 111.0, 30.0, 104.0, 0.0, 452.0], [0.0, 380.0, 308.0, 393.0, 360.0, 403.0, 333.0, 353.0, 390.0, 335.0, 316.0, 335.0, 323.0, 380.0, 353.0, 392.0, 412.0, 403.0, 451.0, 400.0, 350.0, 450.0, 350.0, 450.0, 350.0, 452.0, 0.0]], "end_depot": 26, "horizon": [0.0, 9600.0], "instance_name": "RC205_25_A", "profits": [0.0, 208.6417233828297, 85.30013064999275, 96.80006615366483, 537.108290635385, 94.94964322114856, 82.30002415026138, 289.6538410472783, 433.65355754727557, 440.54282585682506, 331.5997258010202, 664.6123887931935, 72.00001399999314, 212.87764153768148, 102.66662266668868, 347.5379924090346, 153.76693959105614, 623.7500993752483, 209.14190427689425, 200.80670332070974, 506.22043955250774, 152.44160518001115, 243.7344536242332, 714.7513165005464, 50.799745119897125, 967.7009111317439, 0.0], "service_times": [0.0, 100.0, 100.0, 100.0, 100.0, 100.0, 100.0, 100.0, 100.0, 100.0, 100.0, 100.0, 100.0, 100.0, 100.0, 100.0, 100.0, 100.0, 100.0, 100.0, 100.0, 100.0, 100.0, 100.0, 100.0, 100.0, 0.0], "speed_zone_count": 5, "speed_zones": [[0.0, 1920.0], [1920.0, 2880.0], [2880.0, 6720.0], [6720.0, 7680.0], [7680.0, 9600.0]], "sr_cuts": [], "sr_duals": [], "start_depot": 0, "time_windows": [[0.0, 9600.0], [4310.0, 9110.0], [300.0, 5100.0], [2910.0, 7710.0], [6740.0, 7340.0], [400.0, 5200.0], [3930.0, 5020.0], [1200.0, 6000.0], [3970.0, 4570.0], [4010.0, 4610.0], [5350.0, 6220.0], [2250.0, 2850.0], [430.0, 5230.0], [6830.0, 7430.0], [350.0, 3660.0], [2040.0, 2640.0], [2040.0, 4250.0], [6980.0, 8270.0], [3060.0, 4830.0], [1990.0, 4280.0], [4940.0, 6990.0], [450.0, 5250.0], [3830.0, 4860.0], [2310.0, 2910.0], [6090.0, 8720.0], [8210.0, 8810.0], [0.0, 9600.0]], "vehicle_count": 25}