{"capacity": 1000, "cluster_count": 3, "cluster_speeds": [[1, 0.333333, 0.666667, 0.5, 0.833333], [1.16667, 0.666667, 1.33333, 0.833333, 1], [1.5, 1, 1.66667, 1.16667, 1.33333]], "clusters": [[0, 1, 2, 1, 2, 0, 2, 0, 0, 0, 2, 0, 1, 0, 0, 0, 2, 2, 1, 2, 1, 2, 0, 1, 2, 0, 2, 0, 1, 2, 0, 2, 2, 1, 1, 0, 0, 2, 2, 1, 2, 1, 0, 0, 0, 2, 2, 0, 1, 2, 0, 0], [0, 0, 2, 2, 2, 1, 0, 2, 1, 2, 0, 1, 0, 0, 2, 0, 2, 1, 0, 0, 2, 1, 2, 1, 1, 2, 1, 2, 1, 2, 1, 0, 1, 1, 0, 1, 2, 2, 0, 1, 1, 0, 1, 2, 2, 0, 1, 2, 1, 1, 2, 1], [0, 2, 0, 1, 1, 1, 1, 0, 0, 1, 2, 0, 2, 2, 0, 2, 0, 1, 2, 1, 1, 1, 0, 2, 2, 2, 2, 1, 0, 2, 0, 1, 2, 2, 1, 2, 0, 2, 1, 0, 1, 2, 0, 1, 0, 1, 0, 2, 1, 1, 2, 0], [0, 2, 1, 0, 1, 1, 1, 2, 1, 1, 0, 0, 1, 2, 1, 2, 2, 0, 0, 2, 0, 2, 1, 1, 2, 0, 2, 2, 0, 1, 0, 1, 0, 0, 1, 0, 2, 2, 1, 2, 2, 2, 2, 2, 2, 0, 0, 2, 2, 0, 1, 0], [0, 2, 1, 1, 0, 1, 1, 0, 0, 2, 1, 1, 2, 2, 2, 0, 2, 1, 2, 0, 2, 0, 0, 1, 2, 2, 1, 0, 2, 2, 2, 2, 0, 2, 1, 0, 1, 2, 1, 2, 1, 0, 1, 2, 1, 0, 2, 0, 1, 1, 2, 0], [0, 1, 1, 1, 1, 0, 2, 2, 2, 1, 0, 1, 2, 1, 1, 2, 1, 1, 0, 2, 2, 2, 0, 2, 1, 1, 2, 1, 2, 0, 0, 0, 0, 0, 1, 2, 2, 2, 1, 2, 2, 2, 0, 0, 2, 0, 0, 0, 2, 1, 1, 2], [0, 0, 1, 1, 1, 2, 0, 1, 2, 1, 0, 1, 0, 0, 2, 1, 2, 1, 0, 1, 0, 0, 2, 2, 2, 2, 0, 1, 1, 0, 0, 0, 1, 0, 1, 0, 1, 1, 1, 2, 0, 2, 1, 0, 1, 1, 0, 0, 0, 1, 2, 0], [0, 2, 0, 2, 0, 2, 1, 0, 0, 1, 2, 0, 0, 2, 1, 2, 2, 0, 1, 0, 2, 1, 1, 2, 1, 2, 2, 0, 2, 2, 0, 0, 1, 1, 1, 2, 1, 1, 1, 0, 1, 1, 1, 0, 2, 0, 0, 1, 2, 0, 1, 0], [0, 1, 0, 1, 0, 2, 2, 0, 0, 0, 1, 0, 1, 0, 1, 1, 2, 1, 1, 2, 2, 1, 1, 1, 2, 1, 0, 2, 0, 2, 0, 1, 1, 1, 0, 0, 1, 2, 2, 0, 2, 2, 2, 1, 2, 2, 1, 0, 1, 0, 1, 2], [0, 2, 1, 1, 2, 1, 1, 1, 0, 0, 2, 0, 0, 1, 0, 2, 0, 0, 2, 1, 1, 2, 2, 1, 2, 0, 0, 1, 2, 0, 2, 1, 1, 0, 2, 1, 2, 2, 1, 2, 0, 0, 2, 1, 1, 2, 2, 2, 1, 0, 1, 1], [0, 0, 2, 0, 1, 0, 0, 2, 1, 2, 0, 1, 0, 0, 0, 2, 1, 2, 2, 2, 1, 0, 2, 2, 2, 1, 1, 1, 2, 1, 1, 1, 1, 1, 1, 2, 2, 0, 1, 2, 1, 1, 0, 0, 1, 2, 2, 1, 2, 0, 1, 0], [0, 1, 0, 0, 1, 1, 1, 0, 0, 0, 1, 0, 2, 0, 1, 0, 2, 1, 0, 2, 0, 2, 2, 0, 0, 1, 1, 0, 1, 1, 2, 0, 1, 1, 1, 2, 2, 1, 0, 1, 1, 1, 0, 2, 1, 1, 0, 1, 0, 1, 1, 2], [0, 0, 2, 1, 2, 2, 0, 0, 1, 0, 0, 2, 0, 2, 1, 2, 1, 1, 2, 2, 0, 1, 0, 0, 1, 1, 1, 0, 0, 1, 2, 0, 2, 1, 1, 2, 1, 0, 2, 0, 2, 2, 0, 1, 0, 0, 2, 2, 1, 0, 0, 2], [0, 0, 2, 2, 2, 1, 0, 2, 0, 1, 0, 0, 2, 0, 0, 0, 0, 0, 1, 2, 2, 0, 2, 2, 1, 2, 2, 1, 2, 1, 2, 1, 1, 1, 1, 1, 2, 2, 1, 2, 0, 1, 1, 1, 1, 0, 0, 2, 0, 1, 2, 2], [0, 2, 0, 1, 2, 1, 2, 1, 1, 0, 0, 1, 1, 0, 0, 1, 2, 2, 0, 0, 2, 2, 2, 1, 0, 1, 0, 2, 0, 2, 0, 2, 1, 2, 1, 2, 2, 2, 2, 1, 2, 0, 0, 2, 1, 1, 1, 0, 1, 0, 1, 0], [0, 0, 2, 2, 0, 2, 1, 2, 1, 2, 2, 0, 2, 0, 1, 0, 0, 0, 0, 1, 2, 0, 2, 2, 0, 2, 2, 0, 1, 0, 0, 0, 0, 2, 1, 2, 1, 0, 1, 0, 2, 0, 2, 1, 0, 0, 2, 2, 0, 0, 2, 1], [0, 2, 0, 2, 2, 1, 2, 2, 2, 0, 1, 2, 1, 0, 2, 0, 0, 1, 1, 1, 1, 2, 2, 1, 2, 1, 2, 1, 1, 0, 0, 2, 0, 2, 1, 0, 0, 1, 1, 1, 0, 2, 1, 0, 2, 1, 1, 1, 0, 0, 2, 2], [0, 1, 1, 0, 1, 1, 1, 0, 1, 0, 2, 1, 1, 0, 2, 0, 1, 0, 1, 2, 2, 0, 2, 2, 1, 0, 1, 2, 0, 2, 2, 2, 2, 2, 2, 0, 2, 2, 0, 2, 2, 0, 1, 0, 1, 2, 1, 2, 2, 1, 2, 2], [0, 0, 2, 0, 2, 0, 0, 1, 1, 2, 2, 0, 2, 1, 0, 0, 1, 1, 0, 0, 2, 0, 0, 0, 2, 0, 1, 1, 2, 0, 1, 0, 1, 1, 0, 2, 2, 1, 0, 0, 1, 1, 2, 2, 0, 2, 1, 2, 2, 0, 2, 1], [0, 0, 1, 2, 0, 2, 1, 0, 2, 1, 2, 2, 2, 2, 0, 1, 1, 2, 0, 0, 1, 0, 1, 1, 2, 2, 2, 2, 2, 2, 0, 1, 0, 2, 1, 2, 1, 1, 2, 0, 2, 2, 2, 1, 2, 0, 1, 0, 2, 0, 2, 1], [0, 2, 1, 0, 2, 2, 0, 2, 2, 1, 1, 0, 0, 2, 2, 2, 1, 2, 2, 1, 0, 2, 2, 0, 1, 0, 0, 1, 1, 1, 1, 2, 1, 0, 1, 1, 0, 1, 1, 0, 1, 2, 1, 1, 1, 0, 1, 0, 1, 1, 2, 2], [0, 1, 1, 2, 0, 2, 0, 1, 1, 2, 0, 2, 1, 0, 2, 0, 2, 0, 0, 0, 2, 0, 1, 0, 2, 2, 0, 2, 2, 1, 1, 2, 1, 2, 1, 0, 2, 0, 2, 1, 1, 2, 1, 0, 0, 0, 2, 2, 0, 2, 0, 1], [0, 2, 0, 1, 0, 0, 2, 1, 1, 2, 2, 2, 0, 2, 2, 2, 2, 2, 0, 1, 2, 1, 0, 1, 2, 0, 2, 0, 0, 0, 2, 0, 2, 2, 1, 1, 1, 2, 2, 1, 2, 1, 1, 1, 0, 1, 1, 0, 0, 1, 1, 0], [0, 1, 2, 1, 1, 2, 2, 2, 1, 1, 2, 0, 0, 2, 1, 2, 1, 2, 0, 1, 0, 0, 1, 0, 2, 2, 2, 2, 0, 1, 1, 2, 2, 0, 2, 1, 1, 0, 0, 1, 0, 0, 0, 2, 0, 0, 1, 0, 2, 0, 1, 1], [0, 1, 2, 2, 2, 1, 2, 1, 2, 2, 2, 0, 1, 1, 0, 0, 2, 1, 2, 2, 1, 2, 2, 2, 0, 1, 1, 2, 2, 1, 1, 0, 0, 2, 0, 1, 0, 0, 1, 2, 1, 2, 0, 1, 0, 1, 0, 1, 0, 1, 1, 1], [0, 2, 2, 0, 2, 1, 2, 2, 1, 0, 1, 1, 1, 2, 1, 2, 1, 0, 0, 2, 0, 2, 0, 2, 1, 0, 1, 2, 0, 2, 0, 2, 2, 0, 1, 1, 0, 1, 0, 1, 2, 1, 1, 2, 0, 1, 0, 0, 1, 2, 2, 1], [0, 1, 2, 2, 1, 2, 0, 2, 0, 0, 1, 1, 1, 2, 0, 2, 2, 1, 1, 2, 0, 0, 2, 2, 1, 1, 0, 2, 0, 2, 2, 1, 1, 2, 0, 2, 2, 1, 1, 0, 0, 2, 1, 1, 0, 1, 0, 2, 0, 1, 1, 2], [0, 2, 1, 2, 0, 1, 1, 0, 2, 1, 1, 0, 0, 1, 2, 0, 1, 2, 1, 2, 1, 2, 0, 2, 2, 2, 2, 0, 1, 1, 0, 2, 0, 1, 1, 2, 1, 0, 0, 0, 1, 2, 1, 1, 1, 0, 2, 1, 0, 2, 1, 2], [0, 1, 0, 0, 2, 2, 1, 2, 0, 2, 2, 1, 0, 2, 0, 1, 1, 0, 2, 2, 1, 2, 0, 0, 2, 0, 0, 1, 0, 0, 1, 1, 0, 0, 2, 2, 2, 2, 1, 0, 2, 2, 2, 2, 2, 0, 0, 1, 0, 0, 2, 1], [0, 2, 2, 1, 2, 0, 0, 2, 2, 0, 1, 1, 1, 1, 2, 0, 0, 2, 0, 2, 1, 1, 0, 1, 1, 2, 2, 1, 0, 0, 2, 0, 2, 2, 1, 2, 1, 0, 2, 0, 0, 1, 2, 0, 0, 1, 1, 0, 2, 0, 1, 2], [0, 1, 0, 0, 2, 0, 0, 0, 0, 2, 1, 2, 2, 2, 0, 0, 0, 2, 1, 0, 1, 1, 2, 1, 1, 0, 2, 0, 1, 2, 0, 1, 0, 0, 1, 0, 2, 2, 2, 1, 0, 1, 2, 2, 0, 1, 0, 0, 2, 2, 0, 1], [0, 0, 1, 1, 2, 0, 0, 0, 1, 1, 1, 0, 0, 1, 2, 0, 2, 2, 0, 1, 2, 2, 0, 2, 0, 2, 1, 2, 1, 0, 1, 0, 0, 1, 0, 1, 2, 1, 1, 2, 0, 1, 1, 0, 2, 0, 1, 1, 1, 1, 1, 1], [0, 1, 2, 0, 0, 0, 1, 1, 1, 1, 1, 1, 2, 1, 1, 0, 0, 2, 1, 0, 1, 1, 2, 2, 0, 2, 1, 0, 0, 2, 0, 0, 0, 1, 2, 2, 2, 1, 0, 2, 2, 0, 2, 2, 1, 0, 0, 1, 2, 0, 0, 2], [0, 1, 2, 0, 2, 0, 0, 1, 1, 0, 1, 1, 1, 1, 2, 2, 2, 2, 1, 2, 0, 2, 2, 0, 2, 0, 2, 1, 0, 2, 0, 1, 1, 0, 1, 1, 2, 0, 2, 0, 2, 1, 2, 1, 1, 0, 2, 2, 1, 1, 1, 0], [0, 0, 1, 1, 1, 1, 1, 1, 0, 2, 1, 1, 1, 1, 1, 1, 1, 2, 0, 1, 1, 1, 1, 2, 0, 1, 0, 1, 2, 1, 1, 0, 2, 1, 0, 2, 0, 0, 1, 2, 1, 1, 1, 1, 2, 1, 2, 1, 1, 0, 0, 0], [0, 1, 2, 0, 0, 2, 0, 2, 0, 1, 2, 2, 2, 1, 2, 2, 0, 0, 2, 2, 1, 0, 1, 1, 1, 1, 2, 2, 2, 2, 0, 1, 2, 1, 2, 0, 0, 1, 0, 0, 2, 2, 0, 0, 0, 1, 0, 2, 0, 2, 2, 1], [0, 2, 0, 2, 1, 2, 1, 1, 1, 2, 2, 2, 1, 2, 2, 1, 0, 2, 2, 1, 0, 2, 1, 1, 0, 0, 2, 1, 2, 1, 2, 2, 2, 2, 0, 0, 0, 1, 0, 1, 0, 1, 0, 1, 1, 0, 0, 0, 0, 0, 1, 0], [0, 2, 2, 2, 2, 2, 1, 1, 2, 2, 0, 1, 0, 2, 2, 0, 1, 2, 1, 1, 1, 0, 2, 0, 0, 1, 1, 0, 2, 0, 2, 1, 1, 0, 0, 1, 1, 0, 1, 0, 2, 1, 2, 0, 1, 0, 1, 2, 0, 0, 1, 2], [0, 0, 1, 1, 1, 1, 1, 1, 2, 1, 1, 0, 2, 1, 2, 1, 1, 0, 0, 2, 1, 2, 2, 0, 1, 0, 1, 0, 1, 2, 2, 1, 0, 2, 1, 0, 0, 1, 0, 1, 0, 1, 2, 2, 0, 1, 1, 1, 1, 2, 1, 2], [0, 1, 0, 2, 2, 2, 2, 0, 0, 2, 2, 1, 0, 2, 1, 0, 1, 2, 0, 0, 0, 1, 1, 1, 2, 1, 0, 0, 0, 0, 1, 2, 2, 0, 2, 0, 1, 0, 1, 0, 2, 0, 0, 1, 1, 1, 0, 1, 0, 2, 0, 1], [0, 1, 1, 2, 1, 2, 0, 1, 2, 0, 1, 1, 2, 0, 2, 2, 0, 2, 1, 2, 1, 1, 2, 0, 1, 2, 0, 1, 2, 0, 0, 0, 2, 2, 1, 2, 0, 2, 0, 2, 0, 2, 0, 0, 1, 0, 0, 0, 1, 1, 0, 2], [0, 0, 2, 2, 0, 2, 2, 1, 2, 0, 1, 1, 2, 1, 0, 0, 2, 0, 1, 2, 2, 2, 1, 0, 2, 1, 2, 2, 2, 1, 1, 1, 0, 1, 1, 2, 1, 1, 1, 0, 2, 0, 1, 1, 1, 2, 2, 0, 0, 2, 2, 0], [0, 1, 0, 2, 1, 0, 1, 1, 2, 2, 0, 0, 0, 1, 0, 2, 1, 1, 2, 2, 1, 1, 1, 0, 0, 1, 1, 1, 2, 2, 2, 1, 2, 2, 1, 0, 0, 2, 2, 0, 0, 1, 0, 1, 2, 1, 0, 2, 1, 2, 1, 2], [0, 2, 1, 2, 2, 0, 0, 0, 1, 1, 0, 2, 1, 1, 2, 1, 0, 0, 2, 1, 1, 0, 1, 2, 1, 2, 1, 1, 2, 0, 2, 0, 2, 1, 1, 0, 1, 0, 2, 1, 0, 1, 1, 0, 2, 1, 1, 1, 1, 2, 0, 0], [0, 2, 0, 2, 1, 2, 1, 2, 2, 1, 1, 1, 0, 1, 1, 0, 2, 1, 0, 2, 1, 0, 0, 0, 0, 0, 0, 1, 2, 0, 0, 2, 1, 1, 2, 0, 1, 1, 0, 1, 1, 1, 2, 2, 0, 2, 0, 0, 0, 1, 1, 0], [0, 0, 1, 0, 0, 0, 1, 0, 2, 2, 2, 1, 0, 0, 1, 0, 1, 2, 2, 0, 0, 0, 1, 0, 1, 1, 1, 0, 0, 1, 1, 0, 0, 0, 1, 1, 0, 0, 1, 1, 0, 2, 1, 1, 2, 0, 2, 1, 1, 0, 1, 1], [0, 1, 0, 0, 2, 0, 0, 0, 1, 2, 2, 0, 2, 0, 1, 2, 1, 1, 1, 1, 1, 2, 1, 1, 0, 0, 0, 2, 0, 1, 0, 1, 0, 2, 2, 0, 0, 1, 1, 0, 0, 2, 0, 1, 0, 2, 0, 1, 2, 2, 1, 1], [0, 2, 2, 2, 0, 0, 0, 1, 0, 2, 1, 1, 2, 2, 0, 2, 1, 2, 2, 0, 0, 2, 0, 0, 1, 0, 2, 1, 1, 0, 0, 1, 1, 2, 1, 2, 0, 2, 1, 1, 0, 0, 2, 1, 0, 1, 1, 0, 0, 1, 2, 2], [0, 1, 1, 2, 1, 2, 0, 2, 1, 1, 2, 0, 1, 0, 1, 0, 0, 2, 2, 2, 1, 0, 0, 2, 0, 1, 0, 0, 0, 2, 2, 1, 2, 1, 1, 0, 0, 0, 1, 0, 1, 0, 1, 1, 0, 1, 2, 0, 0, 2, 1, 2], [0, 1, 1, 0, 1, 1, 1, 0, 0, 0, 0, 1, 0, 1, 0, 0, 0, 1, 0, 0, 1, 2, 1, 0, 1, 2, 1, 2, 0, 0, 2, 1, 0, 1, 0, 2, 0, 0, 2, 2, 1, 2, 2, 2, 1, 0, 2, 1, 2, 0, 0, 2], [0, 2, 2, 1, 2, 1, 2, 1, 1, 1, 1, 1, 0, 2, 1, 2, 2, 2, 2, 2, 2, 0, 1, 1, 1, 2, 1, 1, 2, 1, 0, 1, 0, 1, 0, 2, 1, 1, 1, 0, 0, 2, 1, 0, 1, 1, 1, 2, 1, 0, 0, 0], [0, 0, 0, 0, 0, 0, 0, 0, 0, 0, 0, 0, 0, 0, 0, 0, 0, 0, 0, 0, 0, 0, 0, 0, 0, 0, 0, 0, 0, 0, 0, 0, 0, 0, 0, 0, 0, 0, 0, 0, 0, 0, 0, 0, 0, 0, 0, 0, 0, 0, 0, 0]], "dataset_name": "networks_2019b", "demands": [0, 20, 30, 10, 40, 20, 20, 20, 10, 20, 30, 40, 20, 10, 10, 20, 20, 20, 20, 40, 10, 10, 40, 30, 10, 20, 30, 20, 10, 10, 10, 20, 10, 10, 30, 20, 40, 10, 30, 10, 30, 20, 10, 20, 10, 10, 10, 10, 10, 10, 30, 0], "digraph": {"arc_count": 2550, "arcs": [[0, 1, 1, 1, 1, 1, 1, 1, 1, 1, 1, 1, 1, 1, 1, 1, 1, 1, 1, 1, 1, 1, 1, 1, 1, 1, 1, 1, 1, 1, 1, 1, 1, 1, 1, 1, 1, 1, 1, 1, 1, 1, 1, 1, 1, 1, 1, 1, 1, 1, 1, 0], [0, 0, 1, 1, 1, 1, 1, 1, 1, 1, 1, 1, 1, 1, 1, 1, 1, 1, 1, 1, 1, 1, 1, 1, 1, 1, 1, 1, 1, 1, 1, 1, 1, 1, 1, 1, 1, 1, 1, 1, 1, 1, 1, 1, 1, 1, 1, 1, 1, 1, 1, 1], [0, 1, 0, 1, 1, 1, 1, 1, 1, 1, 1, 1, 1, 1, 1, 1, 1, 1, 1, 1, 1, 1, 1, 1, 1, 1, 1, 1, 1, 1, 1, 1, 1, 1, 1, 1, 1, 1, 1, 1, 1, 1, 1, 1, 1, 1, 1, 1, 1, 1, 1, 1], [0, 1, 1, 0, 1, 1, 1, 1, 1, 1, 1, 1, 1, 1, 1, 1, 1, 1, 1, 1, 1, 1, 1, 1, 1, 1, 1, 1, 1, 1, 1, 1, 1, 1, 1, 1, 1, 1, 1, 1, 1, 1, 1, 1, 1, 1, 1, 1, 1, 1, 1, 1], [0, 1, 1, 1, 0, 1, 1, 1, 1, 1, 1, 1, 1, 1, 1, 1, 1, 1, 1, 1, 1, 1, 1, 1, 1, 1, 1, 1, 1, 1, 1, 1, 1, 1, 1, 1, 1, 1, 1, 1, 1, 1, 1, 1, 1, 1, 1, 1, 1, 1, 1, 1], [0, 1, 1, 1, 1, 0, 1, 1, 1, 1, 1, 1, 1, 1, 1, 1, 1, 1, 1, 1, 1, 1, 1, 1, 1, 1, 1, 1, 1, 1, 1, 1, 1, 1, 1, 1, 1, 1, 1, 1, 1, 1, 1, 1, 1, 1, 1, 1, 1, 1, 1, 1], [0, 1, 1, 1, 1, 1, 0, 1, 1, 1, 1, 1, 1, 1, 1, 1, 1, 1, 1, 1, 1, 1, 1, 1, 1, 1, 1, 1, 1, 1, 1, 1, 1, 1, 1, 1, 1, 1, 1, 1, 1, 1, 1, 1, 1, 1, 1, 1, 1, 1, 1, 1], [0, 1, 1, 1, 1, 1, 1, 0, 1, 1, 1, 1, 1, 1, 1, 1, 1, 1, 1, 1, 1, 1, 1, 1, 1, 1, 1, 1, 1, 1, 1, 1, 1, 1, 1, 1, 1, 1, 1, 1, 1, 1, 1, 1, 1, 1, 1, 1, 1, 1, 1, 1], [0, 1, 1, 1, 1, 1, 1, 1, 0, 1, 1, 1, 1, 1, 1, 1, 1, 1, 1, 1, 1, 1, 1, 1, 1, 1, 1, 1, 1, 1, 1, 1, 1, 1, 1, 1, 1, 1, 1, 1, 1, 1, 1, 1, 1, 1, 1, 1, 1, 1, 1, 1], [0, 1, 1, 1, 1, 1, 1, 1, 1, 0, 1, 1, 1, 1, 1, 1, 1, 1, 1, 1, 1, 1, 1, 1, 1, 1, 1, 1, 1, 1, 1, 1, 1, 1, 1, 1, 1, 1, 1, 1, 1, 1, 1, 1, 1, 1, 1, 1, 1, 1, 1, 1], [0, 1, 1, 1, 1, 1, 1, 1, 1, 1, 0, 1, 1, 1, 1, 1, 1, 1, 1, 1, 1, 1, 1, 1, 1, 1, 1, 1, 1, 1, 1, 1, 1, 1, 1, 1, 1, 1, 1, 1, 1, 1, 1, 1, 1, 1, 1, 1, 1, 1, 1, 1], [0, 1, 1, 1, 1, 1, 1, 1, 1, 1, 1, 0, 1, 1, 1, 1, 1, 1, 1, 1, 1, 1, 1, 1, 1, 1, 1, 1, 1, 1, 1, 1, 1, 1, 1, 1, 1, 1, 1, 1, 1, 1, 1, 1, 1, 1, 1, 1, 1, 1, 1, 1], [0, 1, 1, 1, 1, 1, 1, 1, 1, 1, 1, 1, 0, 1, 1, 1, 1, 1, 1, 1, 1, 1, 1, 1, 1, 1, 1, 1, 1, 1, 1, 1, 1, 1, 1, 1, 1, 1, 1, 1, 1, 1, 1, 1, 1, 1, 1, 1, 1, 1, 1, 1], [0, 1, 1, 1, 1, 1, 1, 1, 1, 1, 1, 1, 1, 0, 1, 1, 1, 1, 1, 1, 1, 1, 1, 1, 1, 1, 1, 1, 1, 1, 1, 1, 1, 1, 1, 1, 1, 1, 1, 1, 1, 1, 1, 1, 1, 1, 1, 1, 1, 1, 1, 1], [0, 1, 1, 1, 1, 1, 1, 1, 1, 1, 1, 1, 1, 1, 0, 1, 1, 1, 1, 1, 1, 1, 1, 1, 1, 1, 1, 1, 1, 1, 1, 1, 1, 1, 1, 1, 1, 1, 1, 1, 1, 1, 1, 1, 1, 1, 1, 1, 1, 1, 1, 1], [0, 1, 1, 1, 1, 1, 1, 1, 1, 1, 1, 1, 1, 1, 1, 0, 1, 1, 1, 1, 1, 1, 1, 1, 1, 1, 1, 1, 1, 1, 1, 1, 1, 1, 1, 1, 1, 1, 1, 1, 1, 1, 1, 1, 1, 1, 1, 1, 1, 1, 1, 1], [0, 1, 1, 1, 1, 1, 1, 1, 1, 1, 1, 1, 1, 1, 1, 1, 0, 1, 1, 1, 1, 1, 1, 1, 1, 1, 1, 1, 1, 1, 1, 1, 1, 1, 1, 1, 1, 1, 1, 1, 1, 1, 1, 1, 1, 1, 1, 1, 1, 1, 1, 1], [0, 1, 1, 1, 1, 1, 1, 1, 1, 1, 1, 1, 1, 1, 1, 1, 1, 0, 1, 1, 1, 1, 1, 1, 1, 1, 1, 1, 1, 1, 1, 1, 1, 1, 1, 1, 1, 1, 1, 1, 1, 1, 1, 1, 1, 1, 1, 1, 1, 1, 1, 1], [0, 1, 1, 1, 1, 1, 1, 1, 1, 1, 1, 1, 1, 1, 1, 1, 1, 1, 0, 1, 1, 1, 1, 1, 1, 1, 1, 1, 1, 1, 1, 1, 1, 1, 1, 1, 1, 1, 1, 1, 1, 1, 1, 1, 1, 1, 1, 1, 1, 1, 1, 1], [0, 1, 1, 1, 1, 1, 1, 1, 1, 1, 1, 1, 1, 1, 1, 1, 1, 1, 1, 0, 1, 1, 1, 1, 1, 1, 1, 1, 1, 1, 1, 1, 1, 1, 1, 1, 1, 1, 1, 1, 1, 1, 1, 1, 1, 1, 1, 1, 1, 1, 1, 1], [0, 1, 1, 1, 1, 1, 1, 1, 1, 1, 1, 1, 1, 1, 1, 1, 1, 1, 1, 1, 0, 1, 1, 1, 1, 1, 1, 1, 1, 1, 1, 1, 1, 1, 1, 1, 1, 1, 1, 1, 1, 1, 1, 1, 1, 1, 1, 1, 1, 1, 1, 1], [0, 1, 1, 1, 1, 1, 1, 1, 1, 1, 1, 1, 1, 1, 1, 1, 1, 1, 1, 1, 1, 0, 1, 1, 1, 1, 1, 1, 1, 1, 1, 1, 1, 1, 1, 1, 1, 1, 1, 1, 1, 1, 1, 1, 1, 1, 1, 1, 1, 1, 1, 1], [0, 1, 1, 1, 1, 1, 1, 1, 1, 1, 1, 1, 1, 1, 1, 1, 1, 1, 1, 1, 1, 1, 0, 1, 1, 1, 1, 1, 1, 1, 1, 1, 1, 1, 1, 1, 1, 1, 1, 1, 1, 1, 1, 1, 1, 1, 1, 1, 1, 1, 1, 1], [0, 1, 1, 1, 1, 1, 1, 1, 1, 1, 1, 1, 1, 1, 1, 1, 1, 1, 1, 1, 1, 1, 1, 0, 1, 1, 1, 1, 1, 1, 1, 1, 1, 1, 1, 1, 1, 1, 1, 1, 1, 1, 1, 1, 1, 1, 1, 1, 1, 1, 1, 1], [0, 1, 1, 1, 1, 1, 1, 1, 1, 1, 1, 1, 1, 1, 1, 1, 1, 1, 1, 1, 1, 1, 1, 1, 0, 1, 1, 1, 1, 1, 1, 1, 1, 1, 1, 1, 1, 1, 1, 1, 1, 1, 1, 1, 1, 1, 1, 1, 1, 1, 1, 1], [0, 1, 1, 1, 1, 1, 1, 1, 1, 1, 1, 1, 1, 1, 1, 1, 1, 1, 1, 1, 1, 1, 1, 1, 1, 0, 1, 1, 1, 1, 1, 1, 1, 1, 1, 1, 1, 1, 1, 1, 1, 1, 1, 1, 1, 1, 1, 1, 1, 1, 1, 1], [0, 1, 1, 1, 1, 1, 1, 1, 1, 1, 1, 1, 1, 1, 1, 1, 1, 1, 1, 1, 1, 1, 1, 1, 1, 1, 0, 1, 1, 1, 1, 1, 1, 1, 1, 1, 1, 1, 1, 1, 1, 1, 1, 1, 1, 1, 1, 1, 1, 1, 1, 1], [0, 1, 1, 1, 1, 1, 1, 1, 1, 1, 1, 1, 1, 1, 1, 1, 1, 1, 1, 1, 1, 1, 1, 1, 1, 1, 1, 0, 1, 1, 1, 1, 1, 1, 1, 1, 1, 1, 1, 1, 1, 1, 1, 1, 1, 1, 1, 1, 1, 1, 1, 1], [0, 1, 1, 1, 1, 1, 1, 1, 1, 1, 1, 1, 1, 1, 1, 1, 1, 1, 1, 1, 1, 1, 1, 1, 1, 1, 1, 1, 0, 1, 1, 1, 1, 1, 1, 1, 1, 1, 1, 1, 1, 1, 1, 1, 1, 1, 1, 1, 1, 1, 1, 1], [0, 1, 1, 1, 1, 1, 1, 1, 1, 1, 1, 1, 1, 1, 1, 1, 1, 1, 1, 1, 1, 1, 1, 1, 1, 1, 1, 1, 1, 0, 1, 1, 1, 1, 1, 1, 1, 1, 1, 1, 1, 1, 1, 1, 1, 1, 1, 1, 1, 1, 1, 1], [0, 1, 1, 1, 1, 1, 1, 1, 1, 1, 1, 1, 1, 1, 1, 1, 1, 1, 1, 1, 1, 1, 1, 1, 1, 1, 1, 1, 1, 1, 0, 1, 1, 1, 1, 1, 1, 1, 1, 1, 1, 1, 1, 1, 1, 1, 1, 1, 1, 1, 1, 1], [0, 1, 1, 1, 1, 1, 1, 1, 1, 1, 1, 1, 1, 1, 1, 1, 1, 1, 1, 1, 1, 1, 1, 1, 1, 1, 1, 1, 1, 1, 1, 0, 1, 1, 1, 1, 1, 1, 1, 1, 1, 1, 1, 1, 1, 1, 1, 1, 1, 1, 1, 1], [0, 1, 1, 1, 1, 1, 1, 1, 1, 1, 1, 1, 1, 1, 1, 1, 1, 1, 1, 1, 1, 1, 1, 1, 1, 1, 1, 1, 1, 1, 1, 1, 0, 1, 1, 1, 1, 1, 1, 1, 1, 1, 1, 1, 1, 1, 1, 1, 1, 1, 1, 1], [0, 1, 1, 1, 1, 1, 1, 1, 1, 1, 1, 1, 1, 1, 1, 1, 1, 1, 1, 1, 1, 1, 1, 1, 1, 1, 1, 1, 1, 1, 1, 1, 1, 0, 1, 1, 1, 1, 1, 1, 1, 1, 1, 1, 1, 1, 1, 1, 1, 1, 1, 1], [0, 1, 1, 1, 1, 1, 1, 1, 1, 1, 1, 1, 1, 1, 1, 1, 1, 1, 1, 1, 1, 1, 1, 1, 1, 1, 1, 1, 1, 1, 1, 1, 1, 1, 0, 1, 1, 1, 1, 1, 1, 1, 1, 1, 1, 1, 1, 1, 1, 1, 1, 1], [0, 1, 1, 1, 1, 1, 1, 1, 1, 1, 1, 1, 1, 1, 1, 1, 1, 1, 1, 1, 1, 1, 1, 1, 1, 1, 1, 1, 1, 1, 1, 1, 1, 1, 1, 0, 1, 1, 1, 1, 1, 1, 1, 1, 1, 1, 1, 1, 1, 1, 1, 1], [0, 1, 1, 1, 1, 1, 1, 1, 1, 1, 1, 1, 1, 1, 1, 1, 1, 1, 1, 1, 1, 1, 1, 1, 1, 1, 1, 1, 1, 1, 1, 1, 1, 1, 1, 1, 0, 1, 1, 1, 1, 1, 1, 1, 1, 1, 1, 1, 1, 1, 1, 1], [0, 1, 1, 1, 1, 1, 1, 1, 1, 1, 1, 1, 1, 1, 1, 1, 1, 1, 1, 1, 1, 1, 1, 1, 1, 1, 1, 1, 1, 1, 1, 1, 1, 1, 1, 1, 1, 0, 1, 1, 1, 1, 1, 1, 1, 1, 1, 1, 1, 1, 1, 1], [0, 1, 1, 1, 1, 1, 1, 1, 1, 1, 1, 1, 1, 1, 1, 1, 1, 1, 1, 1, 1, 1, 1, 1, 1, 1, 1, 1, 1, 1, 1, 1, 1, 1, 1, 1, 1, 1, 0, 1, 1, 1, 1, 1, 1, 1, 1, 1, 1, 1, 1, 1], [0, 1, 1, 1, 1, 1, 1, 1, 1, 1, 1, 1, 1, 1, 1, 1, 1, 1, 1, 1, 1, 1, 1, 1, 1, 1, 1, 1, 1, 1, 1, 1, 1, 1, 1, 1, 1, 1, 1, 0, 1, 1, 1, 1, 1, 1, 1, 1, 1, 1, 1, 1], [0, 1, 1, 1, 1, 1, 1, 1, 1, 1, 1, 1, 1, 1, 1, 1, 1, 1, 1, 1, 1, 1, 1, 1, 1, 1, 1, 1, 1, 1, 1, 1, 1, 1, 1, 1, 1, 1, 1, 1, 0, 1, 1, 1, 1, 1, 1, 1, 1, 1, 1, 1], [0, 1, 1, 1, 1, 1, 1, 1, 1, 1, 1, 1, 1, 1, 1, 1, 1, 1, 1, 1, 1, 1, 1, 1, 1, 1, 1, 1, 1, 1, 1, 1, 1, 1, 1, 1, 1, 1, 1, 1, 1, 0, 1, 1, 1, 1, 1, 1, 1, 1, 1, 1], [0, 1, 1, 1, 1, 1, 1, 1, 1, 1, 1, 1, 1, 1, 1, 1, 1, 1, 1, 1, 1, 1, 1, 1, 1, 1, 1, 1, 1, 1, 1, 1, 1, 1, 1, 1, 1, 1, 1, 1, 1, 1, 0, 1, 1, 1, 1, 1, 1, 1, 1, 1], [0, 1, 1, 1, 1, 1, 1, 1, 1, 1, 1, 1, 1, 1, 1, 1, 1, 1, 1, 1, 1, 1, 1, 1, 1, 1, 1, 1, 1, 1, 1, 1, 1, 1, 1, 1, 1, 1, 1, 1, 1, 1, 1, 0, 1, 1, 1, 1, 1, 1, 1, 1], [0, 1, 1, 1, 1, 1, 1, 1, 1, 1, 1, 1, 1, 1, 1, 1, 1, 1, 1, 1, 1, 1, 1, 1, 1, 1, 1, 1, 1, 1, 1, 1, 1, 1, 1, 1, 1, 1, 1, 1, 1, 1, 1, 1, 0, 1, 1, 1, 1, 1, 1, 1], [0, 1, 1, 1, 1, 1, 1, 1, 1, 1, 1, 1, 1, 1, 1, 1, 1, 1, 1, 1, 1, 1, 1, 1, 1, 1, 1, 1, 1, 1, 1, 1, 1, 1, 1, 1, 1, 1, 1, 1, 1, 1, 1, 1, 1, 0, 1, 1, 1, 1, 1, 1], [0, 1, 1, 1, 1, 1, 1, 1, 1, 1, 1, 1, 1, 1, 1, 1, 1, 1, 1, 1, 1, 1, 1, 1, 1, 1, 1, 1, 1, 1, 1, 1, 1, 1, 1, 1, 1, 1, 1, 1, 1, 1, 1, 1, 1, 1, 0, 1, 1, 1, 1, 1], [0, 1, 1, 1, 1, 1, 1, 1, 1, 1, 1, 1, 1, 1, 1, 1, 1, 1, 1, 1, 1, 1, 1, 1, 1, 1, 1, 1, 1, 1, 1, 1, 1, 1, 1, 1, 1, 1, 1, 1, 1, 1, 1, 1, 1, 1, 1, 0, 1, 1, 1, 1], [0, 1, 1, 1, 1, 1, 1, 1, 1, 1, 1, 1, 1, 1, 1, 1, 1, 1, 1, 1, 1, 1, 1, 1, 1, 1, 1, 1, 1, 1, 1, 1, 1, 1, 1, 1, 1, 1, 1, 1, 1, 1, 1, 1, 1, 1, 1, 1, 0, 1, 1, 1], [0, 1, 1, 1, 1, 1, 1, 1, 1, 1, 1, 1, 1, 1, 1, 1, 1, 1, 1, 1, 1, 1, 1, 1, 1, 1, 1, 1, 1, 1, 1, 1, 1, 1, 1, 1, 1, 1, 1, 1, 1, 1, 1, 1, 1, 1, 1, 1, 1, 0, 1, 1], [0, 1, 1, 1, 1, 1, 1, 1, 1, 1, 1, 1, 1, 1, 1, 1, 1, 1, 1, 1, 1, 1, 1, 1, 1, 1, 1, 1, 1, 1, 1, 1, 1, 1, 1, 1, 1, 1, 1, 1, 1, 1, 1, 1, 1, 1, 1, 1, 1, 1, 0, 1], [0, 0, 0, 0, 0, 0, 0, 0, 0, 0, 0, 0, 0, 0, 0, 0, 0, 0, 0, 0, 0, 0, 0, 0, 0, 0, 0, 0, 0, 0, 0, 0, 0, 0, 0, 0, 0, 0, 0, 0, 0, 0, 0, 0, 0, 0, 0, 0, 0, 0, 0, 0]], "coordinates": [[40.0, 50.0], [25.0, 85.0], [22.0, 75.0], [22.0, 85.0], [20.0, 80.0], [20.0, 85.0], [18.0, 75.0], [15.0, 75.0], [15.0, 80.0], [10.0, 35.0], [10.0, 40.0], [8.0, 40.0], [8.0, 45.0], [5.0, 35.0], [5.0, 45.0], [2.0, 40.0], [0.0, 40.0], [0.0, 45.0], [44.0, 5.0], [42.0, 10.0], [42.0, 15.0], [40.0, 5.0], [40.0, 15.0], [38.0, 5.0], [38.0, 15.0], [35.0, 5.0], [95.0, 30.0], [95.0, 35.0], [92.0, 30.0], [90.0, 35.0], [88.0, 30.0], [88.0, 35.0], [87.0, 30.0], [85.0, 25.0], [85.0, 35.0], [67.0, 85.0], [65.0, 85.0], [65.0, 82.0], [62.0, 80.0], [60.0, 80.0], [60.0, 85.0], [58.0, 75.0], [55.0, 80.0], [55.0, 85.0], [55.0, 82.0], [20.0, 82.0], [18.0, 80.0], [2.0, 45.0], [42.0, 5.0], [42.0, 12.0], [72.0, 35.0], [40.0, 50.0]], "vertex_count": 52}, "distances": [[0.0, 380.0, 308.0, 393.0, 360.0, 403.0, 333.0, 353.0, 390.0, 335.0, 316.0, 335.0, 323.0, 380.0, 353.0, 392.0, 412.0, 403.0, 451.0, 400.0, 350.0, 450.0, 350.0, 450.0, 350.0, 452.0, 585.0, 570.0, 557.0, 522.0, 520.0, 502.0, 510.0, 514.0, 474.0, 442.0, 430.0, 406.0, 372.0, 360.0, 403.0, 308.0, 335.0, 380.0, 353.0, 377.0, 372.0, 383.0, 450.0, 380.0, 353.0, 0.0], [380.0, 0.0, 104.0, 30.0, 70.0, 50.0, 122.0, 141.0, 111.0, 522.0, 474.0, 481.0, 434.0, 538.0, 447.0, 505.0, 514.0, 471.0, 822.0, 769.0, 720.0, 813.0, 715.0, 810.0, 711.0, 806.0, 890.0, 860.0, 866.0, 820.0, 836.0, 804.0, 828.0, 848.0, 781.0, 420.0, 400.0, 401.0, 373.0, 353.0, 350.0, 344.0, 304.0, 300.0, 301.0, 58.0, 86.0, 461.0, 817.0, 749.0, 686.0, 380.0], [308.0, 104.0, 0.0, 100.0, 53.0, 101.0, 40.0, 70.0, 86.0, 417.0, 370.0, 376.0, 331.0, 434.0, 344.0, 403.0, 413.0, 372.0, 733.0, 680.0, 632.0, 722.0, 626.0, 718.0, 620.0, 711.0, 857.0, 832.0, 832.0, 788.0, 798.0, 771.0, 790.0, 804.0, 746.0, 460.0, 441.0, 435.0, 403.0, 383.0, 392.0, 360.0, 333.0, 344.0, 337.0, 72.0, 64.0, 360.0, 728.0, 660.0, 640.0, 308.0], [393.0, 30.0, 100.0, 0.0, 53.0, 20.0, 107.0, 122.0, 86.0, 514.0, 465.0, 471.0, 423.0, 528.0, 434.0, 492.0, 500.0, 456.0, 829.0, 776.0, 728.0, 820.0, 722.0, 815.0, 718.0, 810.0, 914.0, 884.0, 890.0, 844.0, 859.0, 828.0, 851.0, 870.0, 804.0, 450.0, 430.0, 431.0, 403.0, 383.0, 380.0, 373.0, 333.0, 330.0, 331.0, 36.0, 64.0, 447.0, 824.0, 756.0, 707.0, 393.0], [360.0, 70.0, 53.0, 53.0, 0.0, 50.0, 53.0, 70.0, 50.0, 460.0, 412.0, 417.0, 370.0, 474.0, 380.0, 438.0, 447.0, 403.0, 787.0, 733.0, 686.0, 776.0, 680.0, 771.0, 674.0, 764.0, 901.0, 874.0, 876.0, 832.0, 844.0, 815.0, 836.0, 851.0, 790.0, 472.0, 452.0, 450.0, 420.0, 400.0, 403.0, 383.0, 350.0, 353.0, 350.0, 20.0, 20.0, 393.0, 781.0, 714.0, 687.0, 360.0], [403.0, 50.0, 101.0, 20.0, 50.0, 0.0, 101.0, 111.0, 70.0, 509.0, 460.0, 465.0, 417.0, 522.0, 427.0, 484.0, 492.0, 447.0, 835.0, 781.0, 733.0, 824.0, 728.0, 820.0, 722.0, 813.0, 930.0, 901.0, 906.0, 860.0, 874.0, 844.0, 866.0, 884.0, 820.0, 470.0, 450.0, 450.0, 422.0, 403.0, 400.0, 392.0, 353.0, 350.0, 351.0, 30.0, 53.0, 438.0, 829.0, 762.0, 721.0, 403.0], [333.0, 122.0, 40.0, 107.0, 53.0, 101.0, 0.0, 30.0, 58.0, 407.0, 359.0, 364.0, 316.0, 420.0, 326.0, 384.0, 393.0, 349.0, 746.0, 692.0, 646.0, 733.0, 639.0, 728.0, 632.0, 720.0, 891.0, 867.0, 866.0, 823.0, 832.0, 806.0, 823.0, 836.0, 780.0, 500.0, 480.0, 475.0, 442.0, 422.0, 431.0, 400.0, 373.0, 383.0, 376.0, 72.0, 50.0, 340.0, 740.0, 674.0, 672.0, 333.0], [353.0, 141.0, 70.0, 122.0, 70.0, 111.0, 30.0, 0.0, 50.0, 403.0, 353.0, 356.0, 308.0, 412.0, 316.0, 373.0, 380.0, 335.0, 757.0, 703.0, 657.0, 743.0, 650.0, 736.0, 642.0, 728.0, 917.0, 894.0, 891.0, 850.0, 857.0, 832.0, 849.0, 860.0, 806.0, 529.0, 509.0, 504.0, 472.0, 452.0, 460.0, 430.0, 403.0, 412.0, 406.0, 86.0, 58.0, 326.0, 750.0, 685.0, 696.0, 353.0], [390.0, 111.0, 86.0, 86.0, 50.0, 70.0, 58.0, 50.0, 0.0, 452.0, 403.0, 406.0, 356.0, 460.0, 364.0, 420.0, 427.0, 380.0, 804.0, 750.0, 703.0, 790.0, 696.0, 784.0, 689.0, 776.0, 943.0, 917.0, 918.0, 874.0, 884.0, 857.0, 876.0, 890.0, 832.0, 522.0, 502.0, 500.0, 470.0, 450.0, 452.0, 432.0, 400.0, 403.0, 400.0, 53.0, 30.0, 373.0, 797.0, 731.0, 726.0, 390.0], [335.0, 522.0, 417.0, 514.0, 460.0, 509.0, 407.0, 403.0, 452.0, 0.0, 50.0, 53.0, 101.0, 50.0, 111.0, 94.0, 111.0, 141.0, 453.0, 406.0, 377.0, 424.0, 360.0, 410.0, 344.0, 390.0, 851.0, 850.0, 821.0, 800.0, 781.0, 780.0, 771.0, 756.0, 750.0, 758.0, 743.0, 723.0, 687.0, 672.0, 707.0, 624.0, 636.0, 672.0, 650.0, 480.0, 457.0, 128.0, 438.0, 394.0, 620.0, 335.0], [316.0, 474.0, 370.0, 465.0, 412.0, 460.0, 359.0, 353.0, 403.0, 50.0, 0.0, 20.0, 53.0, 70.0, 70.0, 80.0, 100.0, 111.0, 487.0, 438.0, 406.0, 460.0, 390.0, 448.0, 375.0, 430.0, 855.0, 851.0, 826.0, 801.0, 786.0, 781.0, 776.0, 764.0, 751.0, 726.0, 710.0, 692.0, 656.0, 640.0, 672.0, 594.0, 602.0, 636.0, 615.0, 431.0, 407.0, 94.0, 474.0, 425.0, 622.0, 316.0], [335.0, 481.0, 376.0, 471.0, 417.0, 465.0, 364.0, 356.0, 406.0, 53.0, 20.0, 0.0, 50.0, 58.0, 58.0, 60.0, 80.0, 94.0, 502.0, 453.0, 422.0, 474.0, 406.0, 460.0, 390.0, 442.0, 875.0, 871.0, 845.0, 821.0, 806.0, 801.0, 796.0, 784.0, 771.0, 742.0, 726.0, 708.0, 672.0, 656.0, 687.0, 610.0, 617.0, 650.0, 630.0, 436.0, 412.0, 78.0, 487.0, 440.0, 641.0, 335.0], [323.0, 434.0, 331.0, 423.0, 370.0, 417.0, 316.0, 308.0, 356.0, 101.0, 53.0, 50.0, 0.0, 104.0, 30.0, 78.0, 94.0, 80.0, 538.0, 487.0, 453.0, 512.0, 438.0, 500.0, 424.0, 482.0, 882.0, 875.0, 853.0, 826.0, 813.0, 806.0, 804.0, 795.0, 776.0, 712.0, 696.0, 679.0, 643.0, 626.0, 656.0, 583.0, 586.0, 617.0, 598.0, 388.0, 364.0, 60.0, 524.0, 473.0, 647.0, 323.0], [380.0, 538.0, 434.0, 528.0, 474.0, 522.0, 420.0, 412.0, 460.0, 50.0, 70.0, 58.0, 104.0, 0.0, 100.0, 58.0, 70.0, 111.0, 492.0, 446.0, 420.0, 460.0, 403.0, 445.0, 385.0, 424.0, 901.0, 900.0, 871.0, 850.0, 831.0, 830.0, 821.0, 806.0, 800.0, 796.0, 781.0, 762.0, 726.0, 710.0, 743.0, 664.0, 672.0, 707.0, 686.0, 493.0, 468.0, 104.0, 476.0, 435.0, 670.0, 380.0], [353.0, 447.0, 344.0, 434.0, 380.0, 427.0, 326.0, 316.0, 364.0, 111.0, 70.0, 58.0, 30.0, 100.0, 0.0, 58.0, 70.0, 50.0, 558.0, 509.0, 476.0, 531.0, 460.0, 518.0, 445.0, 500.0, 912.0, 905.0, 882.0, 855.0, 843.0, 836.0, 833.0, 824.0, 806.0, 737.0, 721.0, 704.0, 668.0, 651.0, 680.0, 609.0, 610.0, 640.0, 622.0, 399.0, 373.0, 30.0, 544.0, 495.0, 677.0, 353.0], [392.0, 505.0, 403.0, 492.0, 438.0, 484.0, 384.0, 373.0, 420.0, 94.0, 80.0, 60.0, 78.0, 58.0, 58.0, 0.0, 20.0, 53.0, 546.0, 500.0, 471.0, 516.0, 454.0, 502.0, 438.0, 481.0, 935.0, 931.0, 905.0, 881.0, 865.0, 861.0, 855.0, 843.0, 831.0, 790.0, 774.0, 757.0, 721.0, 704.0, 734.0, 660.0, 664.0, 695.0, 676.0, 456.0, 430.0, 50.0, 531.0, 488.0, 701.0, 392.0], [412.0, 514.0, 413.0, 500.0, 447.0, 492.0, 393.0, 380.0, 427.0, 111.0, 100.0, 80.0, 94.0, 70.0, 70.0, 20.0, 0.0, 50.0, 562.0, 516.0, 488.0, 531.0, 471.0, 516.0, 454.0, 494.0, 955.0, 951.0, 925.0, 901.0, 885.0, 881.0, 875.0, 863.0, 851.0, 807.0, 790.0, 773.0, 737.0, 721.0, 750.0, 677.0, 680.0, 710.0, 692.0, 465.0, 438.0, 53.0, 546.0, 504.0, 721.0, 412.0], [403.0, 471.0, 372.0, 456.0, 403.0, 447.0, 349.0, 335.0, 380.0, 141.0, 111.0, 94.0, 80.0, 111.0, 50.0, 53.0, 50.0, 0.0, 594.0, 546.0, 516.0, 565.0, 500.0, 551.0, 484.0, 531.0, 961.0, 955.0, 932.0, 905.0, 892.0, 885.0, 882.0, 873.0, 855.0, 780.0, 763.0, 747.0, 711.0, 694.0, 721.0, 652.0, 651.0, 680.0, 662.0, 420.0, 393.0, 20.0, 580.0, 534.0, 726.0, 403.0], [451.0, 822.0, 733.0, 829.0, 787.0, 835.0, 746.0, 757.0, 804.0, 453.0, 487.0, 502.0, 538.0, 492.0, 558.0, 546.0, 562.0, 594.0, 0.0, 53.0, 101.0, 40.0, 107.0, 60.0, 116.0, 90.0, 567.0, 591.0, 541.0, 549.0, 506.0, 532.0, 497.0, 456.0, 508.0, 832.0, 827.0, 798.0, 771.0, 766.0, 815.0, 713.0, 758.0, 807.0, 777.0, 806.0, 793.0, 580.0, 20.0, 72.0, 410.0, 451.0], [400.0, 769.0, 680.0, 776.0, 733.0, 781.0, 692.0, 703.0, 750.0, 406.0, 438.0, 453.0, 487.0, 446.0, 509.0, 500.0, 516.0, 546.0, 53.0, 0.0, 50.0, 53.0, 53.0, 64.0, 64.0, 86.0, 566.0, 586.0, 538.0, 541.0, 501.0, 523.0, 492.0, 455.0, 497.0, 790.0, 784.0, 755.0, 728.0, 722.0, 771.0, 669.0, 711.0, 761.0, 731.0, 752.0, 740.0, 531.0, 50.0, 20.0, 390.0, 400.0], [350.0, 720.0, 632.0, 728.0, 686.0, 733.0, 646.0, 657.0, 703.0, 377.0, 406.0, 422.0, 453.0, 420.0, 476.0, 471.0, 488.0, 516.0, 101.0, 50.0, 0.0, 101.0, 20.0, 107.0, 40.0, 122.0, 550.0, 566.0, 522.0, 520.0, 483.0, 501.0, 474.0, 441.0, 474.0, 743.0, 736.0, 708.0, 680.0, 674.0, 722.0, 620.0, 662.0, 711.0, 682.0, 705.0, 692.0, 500.0, 100.0, 30.0, 360.0, 350.0], [450.0, 813.0, 722.0, 820.0, 776.0, 824.0, 733.0, 743.0, 790.0, 424.0, 460.0, 474.0, 512.0, 460.0, 531.0, 516.0, 531.0, 565.0, 40.0, 53.0, 101.0, 0.0, 100.0, 20.0, 101.0, 50.0, 604.0, 626.0, 576.0, 583.0, 541.0, 566.0, 532.0, 492.0, 540.0, 844.0, 838.0, 809.0, 781.0, 776.0, 824.0, 722.0, 764.0, 813.0, 784.0, 795.0, 781.0, 551.0, 20.0, 72.0, 438.0, 450.0], [350.0, 715.0, 626.0, 722.0, 680.0, 728.0, 639.0, 650.0, 696.0, 360.0, 390.0, 406.0, 438.0, 403.0, 460.0, 454.0, 471.0, 500.0, 107.0, 53.0, 20.0, 100.0, 0.0, 101.0, 20.0, 111.0, 570.0, 585.0, 541.0, 538.0, 502.0, 520.0, 493.0, 460.0, 492.0, 750.0, 743.0, 715.0, 686.0, 680.0, 728.0, 626.0, 667.0, 715.0, 686.0, 699.0, 686.0, 484.0, 101.0, 36.0, 377.0, 350.0], [450.0, 810.0, 718.0, 815.0, 771.0, 820.0, 728.0, 736.0, 784.0, 410.0, 448.0, 460.0, 500.0, 445.0, 518.0, 502.0, 516.0, 551.0, 60.0, 64.0, 107.0, 20.0, 101.0, 0.0, 100.0, 30.0, 622.0, 644.0, 595.0, 600.0, 559.0, 583.0, 550.0, 510.0, 557.0, 850.0, 844.0, 815.0, 787.0, 781.0, 829.0, 728.0, 769.0, 817.0, 788.0, 790.0, 776.0, 538.0, 40.0, 80.0, 453.0, 450.0], [350.0, 711.0, 620.0, 718.0, 674.0, 722.0, 632.0, 642.0, 689.0, 344.0, 375.0, 390.0, 424.0, 385.0, 445.0, 438.0, 454.0, 484.0, 116.0, 64.0, 40.0, 101.0, 20.0, 100.0, 0.0, 104.0, 589.0, 604.0, 560.0, 557.0, 522.0, 538.0, 512.0, 480.0, 510.0, 757.0, 750.0, 722.0, 692.0, 686.0, 733.0, 632.0, 671.0, 720.0, 691.0, 693.0, 680.0, 468.0, 107.0, 50.0, 394.0, 350.0], [452.0, 806.0, 711.0, 810.0, 764.0, 813.0, 720.0, 728.0, 776.0, 390.0, 430.0, 442.0, 482.0, 424.0, 500.0, 481.0, 494.0, 531.0, 90.0, 86.0, 122.0, 50.0, 111.0, 30.0, 104.0, 0.0, 650.0, 670.0, 622.0, 626.0, 586.0, 609.0, 576.0, 538.0, 583.0, 861.0, 854.0, 826.0, 797.0, 790.0, 838.0, 736.0, 776.0, 824.0, 795.0, 784.0, 769.0, 518.0, 70.0, 98.0, 476.0, 452.0], [585.0, 890.0, 857.0, 914.0, 901.0, 930.0, 891.0, 917.0, 943.0, 851.0, 855.0, 875.0, 882.0, 901.0, 912.0, 935.0, 955.0, 961.0, 567.0, 566.0, 550.0, 604.0, 570.0, 622.0, 589.0, 650.0, 0.0, 50.0, 30.0, 70.0, 70.0, 86.0, 80.0, 111.0, 111.0, 617.0, 626.0, 600.0, 599.0, 610.0, 651.0, 582.0, 640.0, 680.0, 656.0, 912.0, 918.0, 942.0, 586.0, 559.0, 235.0, 585.0], [570.0, 860.0, 832.0, 884.0, 874.0, 901.0, 867.0, 894.0, 917.0, 850.0, 851.0, 871.0, 875.0, 900.0, 905.0, 931.0, 951.0, 955.0, 591.0, 586.0, 566.0, 626.0, 585.0, 644.0, 604.0, 670.0, 50.0, 0.0, 58.0, 50.0, 86.0, 70.0, 94.0, 141.0, 100.0, 573.0, 583.0, 557.0, 558.0, 570.0, 610.0, 544.0, 602.0, 640.0, 617.0, 885.0, 891.0, 935.0, 609.0, 577.0, 230.0, 570.0], [557.0, 866.0, 832.0, 890.0, 876.0, 906.0, 866.0, 891.0, 918.0, 821.0, 826.0, 845.0, 853.0, 871.0, 882.0, 905.0, 925.0, 932.0, 541.0, 538.0, 522.0, 576.0, 541.0, 595.0, 560.0, 622.0, 30.0, 58.0, 0.0, 53.0, 40.0, 64.0, 50.0, 86.0, 86.0, 604.0, 612.0, 585.0, 583.0, 593.0, 636.0, 564.0, 622.0, 662.0, 638.0, 888.0, 893.0, 912.0, 559.0, 531.0, 206.0, 557.0], [522.0, 820.0, 788.0, 844.0, 832.0, 860.0, 823.0, 850.0, 874.0, 800.0, 801.0, 821.0, 826.0, 850.0, 855.0, 881.0, 901.0, 905.0, 549.0, 541.0, 520.0, 583.0, 538.0, 600.0, 557.0, 626.0, 70.0, 50.0, 53.0, 0.0, 53.0, 20.0, 58.0, 111.0, 50.0, 550.0, 559.0, 532.0, 530.0, 540.0, 583.0, 512.0, 570.0, 610.0, 586.0, 843.0, 849.0, 885.0, 566.0, 532.0, 180.0, 522.0], [520.0, 836.0, 798.0, 859.0, 844.0, 874.0, 832.0, 857.0, 884.0, 781.0, 786.0, 806.0, 813.0, 831.0, 843.0, 865.0, 885.0, 892.0, 506.0, 501.0, 483.0, 541.0, 502.0, 559.0, 522.0, 586.0, 70.0, 86.0, 40.0, 53.0, 0.0, 50.0, 10.0, 58.0, 58.0, 588.0, 596.0, 568.0, 563.0, 573.0, 617.0, 540.0, 599.0, 641.0, 615.0, 856.0, 860.0, 872.0, 523.0, 493.0, 167.0, 520.0], [502.0, 804.0, 771.0, 828.0, 815.0, 844.0, 806.0, 832.0, 857.0, 780.0, 781.0, 801.0, 806.0, 830.0, 836.0, 861.0, 881.0, 885.0, 532.0, 523.0, 501.0, 566.0, 520.0, 583.0, 538.0, 609.0, 86.0, 70.0, 64.0, 20.0, 50.0, 0.0, 50.0, 104.0, 30.0, 542.0, 550.0, 523.0, 519.0, 530.0, 573.0, 500.0, 558.0, 599.0, 574.0, 826.0, 832.0, 865.0, 549.0, 514.0, 160.0, 502.0], [510.0, 828.0, 790.0, 851.0, 836.0, 866.0, 823.0, 849.0, 876.0, 771.0, 776.0, 796.0, 804.0, 821.0, 833.0, 855.0, 875.0, 882.0, 497.0, 492.0, 474.0, 532.0, 493.0, 550.0, 512.0, 576.0, 80.0, 94.0, 50.0, 58.0, 10.0, 50.0, 0.0, 53.0, 53.0, 585.0, 592.0, 564.0, 559.0, 568.0, 612.0, 535.0, 593.0, 636.0, 610.0, 848.0, 852.0, 863.0, 514.0, 484.0, 158.0, 510.0], [514.0, 848.0, 804.0, 870.0, 851.0, 884.0, 836.0, 860.0, 890.0, 756.0, 764.0, 784.0, 795.0, 806.0, 824.0, 843.0, 863.0, 873.0, 456.0, 455.0, 441.0, 492.0, 460.0, 510.0, 480.0, 538.0, 111.0, 141.0, 86.0, 111.0, 58.0, 104.0, 53.0, 0.0, 100.0, 626.0, 632.0, 604.0, 596.0, 604.0, 650.0, 568.0, 626.0, 670.0, 644.0, 864.0, 866.0, 853.0, 474.0, 449.0, 164.0, 514.0], [474.0, 781.0, 746.0, 804.0, 790.0, 820.0, 780.0, 806.0, 832.0, 750.0, 751.0, 771.0, 776.0, 800.0, 806.0, 831.0, 851.0, 855.0, 508.0, 497.0, 474.0, 540.0, 492.0, 557.0, 510.0, 583.0, 111.0, 100.0, 86.0, 50.0, 58.0, 30.0, 53.0, 100.0, 0.0, 531.0, 538.0, 510.0, 505.0, 514.0, 559.0, 482.0, 540.0, 583.0, 557.0, 802.0, 807.0, 836.0, 524.0, 487.0, 130.0, 474.0], [442.0, 420.0, 460.0, 450.0, 472.0, 470.0, 500.0, 529.0, 522.0, 758.0, 726.0, 742.0, 712.0, 796.0, 737.0, 790.0, 807.0, 780.0, 832.0, 790.0, 743.0, 844.0, 750.0, 850.0, 757.0, 861.0, 617.0, 573.0, 604.0, 550.0, 588.0, 542.0, 585.0, 626.0, 531.0, 0.0, 20.0, 36.0, 70.0, 86.0, 70.0, 134.0, 130.0, 120.0, 123.0, 470.0, 492.0, 763.0, 838.0, 771.0, 502.0, 442.0], [430.0, 400.0, 441.0, 430.0, 452.0, 450.0, 480.0, 509.0, 502.0, 743.0, 710.0, 726.0, 696.0, 781.0, 721.0, 774.0, 790.0, 763.0, 827.0, 784.0, 736.0, 838.0, 743.0, 844.0, 750.0, 854.0, 626.0, 583.0, 612.0, 559.0, 596.0, 550.0, 592.0, 632.0, 538.0, 20.0, 0.0, 30.0, 58.0, 70.0, 50.0, 122.0, 111.0, 100.0, 104.0, 450.0, 472.0, 746.0, 832.0, 765.0, 504.0, 430.0], [406.0, 401.0, 435.0, 431.0, 450.0, 450.0, 475.0, 504.0, 500.0, 723.0, 692.0, 708.0, 679.0, 762.0, 704.0, 757.0, 773.0, 747.0, 798.0, 755.0, 708.0, 809.0, 715.0, 815.0, 722.0, 826.0, 600.0, 557.0, 585.0, 532.0, 568.0, 523.0, 564.0, 604.0, 510.0, 36.0, 30.0, 0.0, 36.0, 53.0, 58.0, 98.0, 101.0, 104.0, 100.0, 450.0, 470.0, 730.0, 803.0, 736.0, 475.0, 406.0], [372.0, 373.0, 403.0, 403.0, 420.0, 422.0, 442.0, 472.0, 470.0, 687.0, 656.0, 672.0, 643.0, 726.0, 668.0, 721.0, 737.0, 711.0, 771.0, 728.0, 680.0, 781.0, 686.0, 787.0, 692.0, 797.0, 599.0, 558.0, 583.0, 530.0, 563.0, 519.0, 559.0, 596.0, 505.0, 70.0, 58.0, 36.0, 0.0, 20.0, 53.0, 64.0, 70.0, 86.0, 72.0, 420.0, 440.0, 694.0, 776.0, 708.0, 460.0, 372.0], [360.0, 353.0, 383.0, 383.0, 400.0, 403.0, 422.0, 452.0, 450.0, 672.0, 640.0, 656.0, 626.0, 710.0, 651.0, 704.0, 721.0, 694.0, 766.0, 722.0, 674.0, 776.0, 680.0, 781.0, 686.0, 790.0, 610.0, 570.0, 593.0, 540.0, 573.0, 530.0, 568.0, 604.0, 514.0, 86.0, 70.0, 53.0, 20.0, 0.0, 50.0, 53.0, 50.0, 70.0, 53.0, 400.0, 420.0, 677.0, 771.0, 703.0, 465.0, 360.0], [403.0, 350.0, 392.0, 380.0, 403.0, 400.0, 431.0, 460.0, 452.0, 707.0, 672.0, 687.0, 656.0, 743.0, 680.0, 734.0, 750.0, 721.0, 815.0, 771.0, 722.0, 824.0, 728.0, 829.0, 733.0, 838.0, 651.0, 610.0, 636.0, 583.0, 617.0, 573.0, 612.0, 650.0, 559.0, 70.0, 50.0, 58.0, 53.0, 50.0, 0.0, 101.0, 70.0, 50.0, 58.0, 401.0, 422.0, 704.0, 820.0, 751.0, 514.0, 403.0], [308.0, 344.0, 360.0, 373.0, 383.0, 392.0, 400.0, 430.0, 432.0, 624.0, 594.0, 610.0, 583.0, 664.0, 609.0, 660.0, 677.0, 652.0, 713.0, 669.0, 620.0, 722.0, 626.0, 728.0, 632.0, 736.0, 582.0, 544.0, 564.0, 512.0, 540.0, 500.0, 535.0, 568.0, 482.0, 134.0, 122.0, 98.0, 64.0, 53.0, 101.0, 0.0, 58.0, 104.0, 76.0, 386.0, 403.0, 635.0, 718.0, 650.0, 423.0, 308.0], [335.0, 304.0, 333.0, 333.0, 350.0, 353.0, 373.0, 403.0, 400.0, 636.0, 602.0, 617.0, 586.0, 672.0, 610.0, 664.0, 680.0, 651.0, 758.0, 711.0, 662.0, 764.0, 667.0, 769.0, 671.0, 776.0, 640.0, 602.0, 622.0, 570.0, 599.0, 558.0, 593.0, 626.0, 540.0, 130.0, 111.0, 101.0, 70.0, 50.0, 70.0, 58.0, 0.0, 50.0, 20.0, 350.0, 370.0, 635.0, 761.0, 692.0, 481.0, 335.0], [380.0, 300.0, 344.0, 330.0, 353.0, 350.0, 383.0, 412.0, 403.0, 672.0, 636.0, 650.0, 617.0, 707.0, 640.0, 695.0, 710.0, 680.0, 807.0, 761.0, 711.0, 813.0, 715.0, 817.0, 720.0, 824.0, 680.0, 640.0, 662.0, 610.0, 641.0, 599.0, 636.0, 670.0, 583.0, 120.0, 100.0, 104.0, 86.0, 70.0, 50.0, 104.0, 50.0, 0.0, 30.0, 351.0, 373.0, 664.0, 810.0, 741.0, 528.0, 380.0], [353.0, 301.0, 337.0, 331.0, 350.0, 351.0, 376.0, 406.0, 400.0, 650.0, 615.0, 630.0, 598.0, 686.0, 622.0, 676.0, 692.0, 662.0, 777.0, 731.0, 682.0, 784.0, 686.0, 788.0, 691.0, 795.0, 656.0, 617.0, 638.0, 586.0, 615.0, 574.0, 610.0, 644.0, 557.0, 123.0, 104.0, 100.0, 72.0, 53.0, 58.0, 76.0, 20.0, 30.0, 0.0, 350.0, 370.0, 646.0, 780.0, 711.0, 499.0, 353.0], [377.0, 58.0, 72.0, 36.0, 20.0, 30.0, 72.0, 86.0, 53.0, 480.0, 431.0, 436.0, 388.0, 493.0, 399.0, 456.0, 465.0, 420.0, 806.0, 752.0, 705.0, 795.0, 699.0, 790.0, 693.0, 784.0, 912.0, 885.0, 888.0, 843.0, 856.0, 826.0, 848.0, 864.0, 802.0, 470.0, 450.0, 450.0, 420.0, 400.0, 401.0, 386.0, 350.0, 351.0, 350.0, 0.0, 28.0, 411.0, 800.0, 733.0, 700.0, 377.0], [372.0, 86.0, 64.0, 64.0, 20.0, 53.0, 50.0, 58.0, 30.0, 457.0, 407.0, 412.0, 364.0, 468.0, 373.0, 430.0, 438.0, 393.0, 793.0, 740.0, 692.0, 781.0, 686.0, 776.0, 680.0, 769.0, 918.0, 891.0, 893.0, 849.0, 860.0, 832.0, 852.0, 866.0, 807.0, 492.0, 472.0, 470.0, 440.0, 420.0, 422.0, 403.0, 370.0, 373.0, 370.0, 28.0, 0.0, 384.0, 787.0, 721.0, 702.0, 372.0], [383.0, 461.0, 360.0, 447.0, 393.0, 438.0, 340.0, 326.0, 373.0, 128.0, 94.0, 78.0, 60.0, 104.0, 30.0, 50.0, 53.0, 20.0, 580.0, 531.0, 500.0, 551.0, 484.0, 538.0, 468.0, 518.0, 942.0, 935.0, 912.0, 885.0, 872.0, 865.0, 863.0, 853.0, 836.0, 763.0, 746.0, 730.0, 694.0, 677.0, 704.0, 635.0, 635.0, 664.0, 646.0, 411.0, 384.0, 0.0, 565.0, 518.0, 707.0, 383.0], [450.0, 817.0, 728.0, 824.0, 781.0, 829.0, 740.0, 750.0, 797.0, 438.0, 474.0, 487.0, 524.0, 476.0, 544.0, 531.0, 546.0, 580.0, 20.0, 50.0, 100.0, 20.0, 101.0, 40.0, 107.0, 70.0, 586.0, 609.0, 559.0, 566.0, 523.0, 549.0, 514.0, 474.0, 524.0, 838.0, 832.0, 803.0, 776.0, 771.0, 820.0, 718.0, 761.0, 810.0, 780.0, 800.0, 787.0, 565.0, 0.0, 70.0, 424.0, 450.0], [380.0, 749.0, 660.0, 756.0, 714.0, 762.0, 674.0, 685.0, 731.0, 394.0, 425.0, 440.0, 473.0, 435.0, 495.0, 488.0, 504.0, 534.0, 72.0, 20.0, 30.0, 72.0, 36.0, 80.0, 50.0, 98.0, 559.0, 577.0, 531.0, 532.0, 493.0, 514.0, 484.0, 449.0, 487.0, 771.0, 765.0, 736.0, 708.0, 703.0, 751.0, 650.0, 692.0, 741.0, 711.0, 733.0, 721.0, 518.0, 70.0, 0.0, 378.0, 380.0], [353.0, 686.0, 640.0, 707.0, 687.0, 721.0, 672.0, 696.0, 726.0, 620.0, 622.0, 641.0, 647.0, 670.0, 677.0, 701.0, 721.0, 726.0, 410.0, 390.0, 360.0, 438.0, 377.0, 453.0, 394.0, 476.0, 235.0, 230.0, 206.0, 180.0, 167.0, 160.0, 158.0, 164.0, 130.0, 502.0, 504.0, 475.0, 460.0, 465.0, 514.0, 423.0, 481.0, 528.0, 499.0, 700.0, 702.0, 707.0, 424.0, 378.0, 0.0, 353.0], [0.0, 380.0, 308.0, 393.0, 360.0, 403.0, 333.0, 353.0, 390.0, 335.0, 316.0, 335.0, 323.0, 380.0, 353.0, 392.0, 412.0, 403.0, 451.0, 400.0, 350.0, 450.0, 350.0, 450.0, 350.0, 452.0, 585.0, 570.0, 557.0, 522.0, 520.0, 502.0, 510.0, 514.0, 474.0, 442.0, 430.0, 406.0, 372.0, 360.0, 403.0, 308.0, 335.0, 380.0, 353.0, 377.0, 372.0, 383.0, 450.0, 380.0, 353.0, 0.0]], "end_depot": 51, "horizon": [0.0, 9600.0], "instance_name": "RC202_50_b", "profits": [0, 122.107, 114.833, 89.0141, 381.788, 115.735, 128.652, 153.248, 312.526, 311.995, 374.127, 364.258, -2.84217e-13, 306.122, 581.962, 138.364, 415.408, 562.518, 281.946, 110.941, 299.52, 55.4146, 168.595, 589.117, 352.078, 666.423, 144.85, 624.766, 143.962, 203.404, 120.554, 103.6, 606.091, 225.779, 101.8, 601.792, 190.429, 50.0376, 65.6112, 379.103, 123.706, 282.641, 176.429, 383.32, 624.571, 301.941, 185.791, 146.749, 55.5008, 258.969, 170.799, 0], "service_times": [0.0, 100.0, 100.0, 100.0, 100.0, 100.0, 100.0, 100.0, 100.0, 100.0, 100.0, 100.0, 100.0, 100.0, 100.0, 100.0, 100.0, 100.0, 100.0, 100.0, 100.0, 100.0, 100.0, 100.0, 100.0, 100.0, 100.0, 100.0, 100.0, 100.0, 100.0, 100.0, 100.0, 100.0, 100.0, 100.0, 100.0, 100.0, 100.0, 100.0, 100.0, 100.0, 100.0, 100.0, 100.0, 100.0, 100.0, 100.0, 100.0, 100.0, 100.0, 0.0], "speed_zone_count": 5, "speed_zones": [[0.0, 1920.0], [1920.0, 2880.0], [2880.0, 6720.0], [6720.0, 7680.0], [7680.0, 9600.0]], "start_depot": 0, "time_windows": [[0.0, 9600.0], [0.0, 9110.0], [0.0, 9190.0], [0.0, 9100.0], [6440.0, 7640.0], [0.0, 9090.0], [3880.0, 5080.0], [0.0, 9140.0], [3670.0, 4870.0], [3710.0, 4910.0], [5190.0, 6390.0], [1950.0, 3150.0], [0.0, 9170.0], [6530.0, 7730.0], [350.0, 1550.0], [1740.0, 2940.0], [2550.0, 3750.0], [7030.0, 8230.0], [3350.0, 4550.0], [2540.0, 3740.0], [5370.0, 6570.0], [0.0, 9050.0], [3750.0, 4950.0], [2010.0, 3210.0], [6810.0, 8010.0], [7840.0, 9040.0], [0.0, 8910.0], [1460.0, 2660.0], [1490.0, 2690.0], [1940.0, 3140.0], [2460.0, 3660.0], [0.0, 8990.0], [6210.0, 7410.0], [800.0, 2000.0], [0.0, 9020.0], [6570.0, 7770.0], [430.0, 1630.0], [0.0, 9090.0], [2780.0, 3980.0], [640.0, 1840.0], [3290.0, 4490.0], [3760.0, 4960.0], [330.0, 1530.0], [5740.0, 6940.0], [2170.0, 3370.0], [370.0, 1570.0], [4890.0, 6090.0], [1050.0, 2250.0], [0.0, 9040.0], [4400.0, 5600.0], [0.0, 9140.0], [0.0, 9600.0]], "vehicle_count": 50}